Calibration values from cell 0 to 1024 for channel 0:

0	-13	56	-20	17	19	48	23	cell = 0 to 7
33	36	67	-19	27	35	58	-32	cell = 8 to 15
73	20	46	16	1	20	53	21	cell = 16 to 23
21	-22	48	5	56	-14	48	-23	cell = 24 to 31
70	2	6	-30	36	3	58	7	cell = 32 to 39
65	13	13	-18	7	20	12	-1	cell = 40 to 47
15	2	52	18	19	-14	48	-5	cell = 48 to 55
24	10	41	-5	71	7	46	-62	cell = 56 to 63
35	-18	5	-30	50	-26	9	-21	cell = 64 to 71
35	-23	45	37	26	30	65	-21	cell = 72 to 79
21	23	2	31	20	-25	89	-15	cell = 80 to 87
57	35	57	-45	31	-48	40	7	cell = 88 to 95
11	-57	51	3	21	13	41	-8	cell = 96 to 103
48	-6	33	10	26	-42	75	5	cell = 104 to 111
33	-11	45	-1	64	-47	22	17	cell = 112 to 119
19	-30	2	18	42	18	78	-19	cell = 120 to 127
56	-18	63	3	45	-31	76	4	cell = 128 to 135
55	-4	39	40	30	-8	49	24	cell = 136 to 143
62	-2	28	10	27	3	31	-4	cell = 144 to 151
33	-31	54	-2	39	-21	51	-13	cell = 152 to 159
68	14	37	-25	58	29	57	26	cell = 160 to 167
62	-1	33	6	17	0	55	-21	cell = 168 to 175
60	11	63	-3	5	5	39	-22	cell = 176 to 183
54	-5	7	-38	56	-5	38	-28	cell = 184 to 191
24	-17	49	-61	37	-2	32	-15	cell = 192 to 199
65	4	33	10	45	-7	60	-16	cell = 200 to 207
17	19	44	-23	39	-7	36	-36	cell = 208 to 215
36	9	9	8	24	3	31	9	cell = 216 to 223
51	-14	60	-5	41	12	26	20	cell = 224 to 231
46	11	94	12	64	-22	86	-28	cell = 232 to 239
56	2	51	28	-22	-5	58	-4	cell = 240 to 247
35	-16	37	-15	23	23	66	27	cell = 248 to 255
37	10	4	24	3	11	49	0	cell = 256 to 263
22	26	18	-6	39	54	23	-19	cell = 264 to 271
83	-41	38	37	34	0	44	2	cell = 272 to 279
51	-31	73	0	52	9	24	-6	cell = 280 to 287
18	-9	33	8	39	2	33	-28	cell = 288 to 295
69	28	63	-4	45	-14	64	-48	cell = 296 to 303
58	15	40	-4	36	-7	24	-11	cell = 304 to 311
23	25	37	-24	63	2	54	-2	cell = 312 to 319
57	-26	34	-18	40	11	50	16	cell = 320 to 327
56	-8	34	0	43	13	63	-17	cell = 328 to 335
70	-21	41	-28	34	-19	15	6	cell = 336 to 343
55	-22	53	-45	62	7	8	-30	cell = 344 to 351
56	7	35	2	23	-6	39	12	cell = 352 to 359
15	-10	50	-18	64	18	47	-35	cell = 360 to 367
20	-14	75	1	81	-6	40	-10	cell = 368 to 375
49	-1	48	-32	35	-52	57	-30	cell = 376 to 383
37	-28	72	-5	53	-9	39	-14	cell = 384 to 391
19	-9	63	-41	11	-14	44	-2	cell = 392 to 399
40	1	42	15	8	9	76	-14	cell = 400 to 407
25	-18	26	-30	43	-18	58	-33	cell = 408 to 415
75	-28	45	-11	26	19	60	-10	cell = 416 to 423
1	1	11	-13	0	7	67	1	cell = 424 to 431
30	-16	34	-8	89	41	44	-48	cell = 432 to 439
59	35	47	13	51	-16	41	-36	cell = 440 to 447
0	28	19	10	43	-26	29	0	cell = 448 to 455
5	-15	61	-21	54	13	55	14	cell = 456 to 463
16	-47	27	-17	26	9	54	29	cell = 464 to 471
36	-7	50	-40	29	-8	62	-29	cell = 472 to 479
54	-18	101	-8	76	0	26	-35	cell = 480 to 487
61	-14	46	-24	10	-14	61	-31	cell = 488 to 495
55	-36	-7	-74	-48	-75	-42	-65	cell = 496 to 503
63	-2	61	1	48	0	37	-9	cell = 504 to 511
-2	-24	-40	-20	-12	-30	-3	-29	cell = 512 to 519
-12	-43	-2	-47	21	-28	3	-4	cell = 520 to 527
-26	7	5	33	-3	-57	-1	-5	cell = 528 to 535
-15	-28	-18	-32	-44	-4	-26	20	cell = 536 to 543
-23	-12	-56	-19	-46	-20	-48	15	cell = 544 to 551
-35	-4	-22	-36	-12	10	-17	-28	cell = 552 to 559
-40	15	-40	22	8	-14	13	-20	cell = 560 to 567
-10	-18	-6	13	-13	-27	-43	-14	cell = 568 to 575
-24	-53	-32	9	-19	-23	-41	-55	cell = 576 to 583
15	-26	4	11	18	-31	-13	41	cell = 584 to 591
-14	-11	9	-35	21	-42	-14	-15	cell = 592 to 599
-2	-11	4	-2	-23	-21	22	4	cell = 600 to 607
17	-35	-26	-3	-14	-12	-17	-11	cell = 608 to 615
-17	-2	-44	-34	-42	-25	-31	-46	cell = 616 to 623
-1	19	-23	27	-19	20	-69	7	cell = 624 to 631
4	-30	-12	-24	11	-15	-27	-9	cell = 632 to 639
-46	-30	-22	-22	-40	-17	-49	-10	cell = 640 to 647
0	-25	13	-10	-9	-3	-36	-4	cell = 648 to 655
1	-48	5	-24	-27	18	2	23	cell = 656 to 663
12	-66	-2	-13	-21	37	-46	1	cell = 664 to 671
-13	-57	16	-34	-40	-5	3	2	cell = 672 to 679
-1	-26	-8	1	-2	-26	14	28	cell = 680 to 687
-16	-52	-3	-10	13	-15	-40	-10	cell = 688 to 695
-27	5	-17	-20	-24	-40	-25	14	cell = 696 to 703
-11	0	22	6	-6	0	-41	14	cell = 704 to 711
-39	20	-42	-37	-45	-18	-1	-38	cell = 712 to 719
-14	-12	-1	-28	-44	-18	-25	11	cell = 720 to 727
-5	-68	-29	-41	-18	-10	-14	-46	cell = 728 to 735
-51	-62	-41	-39	-28	-22	-35	-22	cell = 736 to 743
-28	-53	-31	13	-15	31	21	-19	cell = 744 to 751
-15	-23	-8	-28	4	-8	-27	-22	cell = 752 to 759
-10	-19	7	-6	-15	-32	-15	-50	cell = 760 to 767
-21	-9	-53	-41	-35	3	-12	-38	cell = 768 to 775
-24	-44	0	11	-19	-22	-30	-23	cell = 776 to 783
-29	-10	-13	-20	-31	-7	-49	4	cell = 784 to 791
-30	-8	-31	-12	-41	-11	-31	-12	cell = 792 to 799
-51	-16	31	-54	-34	-7	-43	-23	cell = 800 to 807
-3	-29	15	-38	-1	-14	-22	-15	cell = 808 to 815
0	20	-27	-45	-9	-3	-22	-21	cell = 816 to 823
-20	-41	0	3	27	-29	-24	0	cell = 824 to 831
-11	-20	-21	-48	2	-34	-17	-53	cell = 832 to 839
-58	-24	-29	-44	1	-15	-24	-32	cell = 840 to 847
-4	-7	-39	18	1	-3	-32	-10	cell = 848 to 855
-29	9	4	-44	-48	-11	-23	-19	cell = 856 to 863
-31	-57	-49	-29	-41	-13	-19	-37	cell = 864 to 871
-6	-17	0	-29	-22	30	-23	15	cell = 872 to 879
-31	-22	16	-38	-39	-32	5	24	cell = 880 to 887
-54	7	-25	-26	-25	24	20	-34	cell = 888 to 895
-12	-25	-64	-5	-30	-33	-40	-15	cell = 896 to 903
-60	-34	-21	31	5	15	8	-2	cell = 904 to 911
8	-45	-27	-20	-9	5	-24	-25	cell = 912 to 919
51	-54	-11	-7	-35	-12	-8	11	cell = 920 to 927
-1	7	-24	-32	0	-42	-25	17	cell = 928 to 935
-13	3	-46	-2	-40	-44	-22	-24	cell = 936 to 943
-21	-14	-38	-8	-7	-22	-47	-27	cell = 944 to 951
-57	-2	0	-29	-15	-52	9	26	cell = 952 to 959
-57	-35	-31	-4	-9	-26	-16	-34	cell = 960 to 967
-35	-36	-13	-9	-50	-23	-4	-11	cell = 968 to 975
-8	36	-60	-13	-10	-46	-4	2	cell = 976 to 983
0	-11	-48	13	18	-8	-63	-16	cell = 984 to 991
-2	-35	-36	-22	-14	-27	-22	-13	cell = 992 to 999
-45	-4	-32	-43	-14	-7	-42	-7	cell = 1000 to 1007
-44	-4	-34	-40	-29	-72	-20	-37	cell = 1008 to 1015
0	-28	-9	-17	-21	-35	-80	-40	cell = 1016 to 1023
Calibration values from cell 0 to 1024 for channel 1:

76	11	9	-3	44	1	49	12	cell = 0 to 7
1	35	36	-3	56	-6	68	24	cell = 8 to 15
60	8	25	-19	29	17	33	17	cell = 16 to 23
52	10	9	-7	51	8	69	16	cell = 24 to 31
112	43	53	-5	26	-5	64	-10	cell = 32 to 39
54	-15	-11	-23	52	-8	34	18	cell = 40 to 47
29	-44	49	-29	13	-29	6	-48	cell = 48 to 55
53	-17	54	19	54	-13	-15	-11	cell = 56 to 63
71	-66	44	-27	-7	-1	14	-47	cell = 64 to 71
27	-13	39	-8	73	-24	61	-21	cell = 72 to 79
62	4	65	-16	96	5	54	-4	cell = 80 to 87
51	4	15	26	82	16	72	-1	cell = 88 to 95
63	-26	96	17	39	-43	19	4	cell = 96 to 103
52	-7	26	43	70	-19	15	-12	cell = 104 to 111
22	-10	59	-12	12	33	18	13	cell = 112 to 119
21	9	38	-28	22	1	61	-58	cell = 120 to 127
18	2	38	-39	52	9	84	-1	cell = 128 to 135
24	-31	73	-31	42	20	40	-2	cell = 136 to 143
61	-13	31	-10	50	-21	64	-4	cell = 144 to 151
55	5	40	-15	10	1	54	-2	cell = 152 to 159
27	-36	24	-4	28	5	52	-11	cell = 160 to 167
28	16	60	6	66	-15	80	-59	cell = 168 to 175
49	-31	54	11	28	-16	50	21	cell = 176 to 183
13	-24	18	-32	41	13	66	-56	cell = 184 to 191
9	-17	41	10	18	11	28	14	cell = 192 to 199
48	21	33	5	31	29	34	6	cell = 200 to 207
34	12	31	11	24	9	72	16	cell = 208 to 215
50	25	40	-13	73	-26	35	-23	cell = 216 to 223
15	9	57	-24	52	-19	63	-16	cell = 224 to 231
15	24	96	-25	62	8	60	17	cell = 232 to 239
69	5	47	-23	14	-17	47	8	cell = 240 to 247
39	3	25	17	46	6	63	-38	cell = 248 to 255
25	1	36	20	47	-12	39	-22	cell = 256 to 263
50	-5	67	-2	28	4	20	23	cell = 264 to 271
79	1	70	-3	55	-3	76	-18	cell = 272 to 279
15	35	12	-20	36	4	29	18	cell = 280 to 287
27	19	38	24	16	4	31	24	cell = 288 to 295
29	-10	81	-55	47	48	61	-10	cell = 296 to 303
47	-67	11	48	16	-30	5	-14	cell = 304 to 311
22	1	48	-19	38	36	30	12	cell = 312 to 319
75	1	44	10	27	-26	-6	23	cell = 320 to 327
10	4	42	7	93	4	45	-18	cell = 328 to 335
39	-16	19	16	42	-32	65	-20	cell = 336 to 343
74	10	67	-6	24	17	59	3	cell = 344 to 351
62	-38	25	-21	28	-1	57	-12	cell = 352 to 359
45	10	56	0	24	1	69	17	cell = 360 to 367
71	25	53	-38	25	7	34	-11	cell = 368 to 375
57	-66	42	-39	35	17	68	-34	cell = 376 to 383
25	14	35	-8	46	-8	9	2	cell = 384 to 391
31	-59	43	-2	27	-26	50	-40	cell = 392 to 399
7	-38	61	-6	53	54	69	-29	cell = 400 to 407
21	4	10	-5	40	-14	20	-26	cell = 408 to 415
64	-9	26	-16	29	-4	28	-18	cell = 416 to 423
38	-29	59	2	57	-18	49	-20	cell = 424 to 431
41	0	52	-17	51	-19	43	-30	cell = 432 to 439
44	3	43	-19	14	-13	-11	-14	cell = 440 to 447
32	8	50	-27	31	19	36	1	cell = 448 to 455
48	-17	55	-28	0	8	51	-15	cell = 456 to 463
44	-4	39	9	45	32	80	-3	cell = 464 to 471
-5	-2	64	-8	69	-14	63	0	cell = 472 to 479
36	43	17	-8	44	-15	69	6	cell = 480 to 487
84	4	75	-23	66	-7	51	-23	cell = 488 to 495
34	-16	4	-56	-83	-59	-6	-54	cell = 496 to 503
67	17	33	-23	11	-42	60	-27	cell = 504 to 511
-23	-19	-3	-25	-23	23	-26	-46	cell = 512 to 519
-42	-23	2	2	-13	-25	-3	-29	cell = 520 to 527
-5	-17	11	-42	7	-15	-46	-20	cell = 528 to 535
-68	-16	9	-39	-10	-16	-14	-1	cell = 536 to 543
-30	22	-11	-21	6	-36	-18	-25	cell = 544 to 551
-13	-46	-30	7	-17	-2	-2	-49	cell = 552 to 559
17	0	-32	-39	3	-23	-29	-4	cell = 560 to 567
-1	-30	-38	-9	-37	-36	-8	19	cell = 568 to 575
-41	-23	-8	1	-17	-16	1	7	cell = 576 to 583
0	-18	17	-1	-15	-32	-23	-50	cell = 584 to 591
-7	8	1	-49	15	-17	-27	-23	cell = 592 to 599
6	-14	-14	-21	-22	-20	0	-41	cell = 600 to 607
11	-10	-50	33	4	1	-25	0	cell = 608 to 615
-20	18	-36	17	8	-20	-27	-32	cell = 616 to 623
4	-33	7	-22	31	6	-2	-22	cell = 624 to 631
-40	-51	-37	4	-42	-14	-24	-65	cell = 632 to 639
-40	-22	-3	-13	-13	0	-53	-5	cell = 640 to 647
-19	3	13	-2	-37	13	-62	-32	cell = 648 to 655
-33	-42	-21	9	11	3	-29	-47	cell = 656 to 663
22	-12	-24	-4	4	-78	-14	-22	cell = 664 to 671
-40	-6	-19	-41	5	-13	-40	-2	cell = 672 to 679
-34	14	-3	-22	-12	-44	-20	-46	cell = 680 to 687
-24	-45	-23	-7	-27	-39	-35	-22	cell = 688 to 695
2	29	-5	3	-16	-36	-65	7	cell = 696 to 703
-9	-3	-44	-4	-28	-21	3	-35	cell = 704 to 711
0	-24	-27	-15	7	0	-15	-34	cell = 712 to 719
-47	-32	-43	-15	-92	-32	-15	1	cell = 720 to 727
19	8	-10	-34	3	4	-12	9	cell = 728 to 735
-14	-54	-5	-4	20	-45	-29	-5	cell = 736 to 743
-16	5	-55	-43	-44	-19	-8	-4	cell = 744 to 751
-23	18	-4	17	10	-25	4	-40	cell = 752 to 759
-20	-10	0	6	-22	-47	-69	0	cell = 760 to 767
-37	-32	-21	-17	-28	-29	-65	-23	cell = 768 to 775
-39	-7	28	-9	-2	-18	-11	-24	cell = 776 to 783
-19	-38	-29	-29	-17	14	-25	-13	cell = 784 to 791
-49	-19	-15	-35	-21	-13	-5	-37	cell = 792 to 799
-16	-35	-55	-12	0	-39	-25	17	cell = 800 to 807
-33	-15	-5	-19	-31	-55	-17	15	cell = 808 to 815
-32	-24	-27	-19	-13	-4	-19	8	cell = 816 to 823
-16	-35	24	21	-42	-71	-42	-16	cell = 824 to 831
10	-6	-35	22	-75	-26	-20	-2	cell = 832 to 839
-25	-17	-29	-22	0	-55	-21	-20	cell = 840 to 847
-27	-24	-26	-4	-34	-12	-49	-7	cell = 848 to 855
17	-40	-2	-12	-19	-11	17	-17	cell = 856 to 863
-23	-27	-63	9	16	-12	-14	0	cell = 864 to 871
-20	-55	-27	5	14	-35	-21	3	cell = 872 to 879
-5	-52	-41	-27	-30	-22	-11	-26	cell = 880 to 887
31	14	13	-28	-36	-25	-35	-30	cell = 888 to 895
-16	-5	8	-32	-17	-37	-52	3	cell = 896 to 903
-7	-6	-1	-39	5	-27	-20	-9	cell = 904 to 911
-34	-31	-6	-2	-37	-22	23	25	cell = 912 to 919
-43	6	-33	-8	-5	-20	-4	1	cell = 920 to 927
-32	2	5	21	-35	-15	-39	-56	cell = 928 to 935
-22	-20	-20	2	24	-28	-21	-33	cell = 936 to 943
-53	-43	-15	52	-32	-9	-19	-45	cell = 944 to 951
-2	-27	9	-20	8	-50	-57	22	cell = 952 to 959
-37	-23	-35	-11	-50	-45	-44	32	cell = 960 to 967
-6	-11	-26	-22	-35	-37	-44	-32	cell = 968 to 975
-52	-33	-24	-18	-11	-17	-25	8	cell = 976 to 983
0	-47	-31	-55	-53	-54	-32	-42	cell = 984 to 991
-38	-23	-45	-16	-28	-7	-19	8	cell = 992 to 999
10	-44	2	12	-18	-13	-17	-35	cell = 1000 to 1007
-2	21	-23	-29	-52	-10	-26	-34	cell = 1008 to 1015
-45	-38	20	-40	-56	-5	-22	-10	cell = 1016 to 1023
Calibration values from cell 0 to 1024 for channel 2:

44	24	63	-27	42	-48	40	23	cell = 0 to 7
27	7	17	-24	36	-24	37	-24	cell = 8 to 15
45	23	42	-8	89	-10	53	10	cell = 16 to 23
35	6	63	-20	67	2	44	-34	cell = 24 to 31
31	38	44	-24	65	-54	40	-3	cell = 32 to 39
59	8	51	-8	65	-24	34	6	cell = 40 to 47
65	-19	60	22	60	8	44	23	cell = 48 to 55
53	-16	48	7	53	-34	24	25	cell = 56 to 63
68	-42	39	24	10	-8	83	-46	cell = 64 to 71
44	-32	57	3	87	-10	13	-40	cell = 72 to 79
58	-17	25	-42	12	25	70	-21	cell = 80 to 87
27	-28	52	2	30	-14	50	-5	cell = 88 to 95
32	17	61	-23	64	-8	38	6	cell = 96 to 103
50	-10	65	-47	29	22	-2	10	cell = 104 to 111
47	-5	60	21	58	-54	52	-9	cell = 112 to 119
46	-2	34	-20	39	3	41	28	cell = 120 to 127
26	7	2	4	11	5	29	-20	cell = 128 to 135
15	9	54	4	69	6	42	10	cell = 136 to 143
18	-13	44	29	60	-7	46	9	cell = 144 to 151
46	-11	38	-12	62	-11	33	-15	cell = 152 to 159
58	8	60	-4	33	3	16	4	cell = 160 to 167
52	-15	43	-32	83	-38	28	-16	cell = 168 to 175
64	2	59	6	62	16	37	-24	cell = 176 to 183
39	-23	-7	-72	0	21	20	-15	cell = 184 to 191
48	3	17	27	21	-18	66	-1	cell = 192 to 199
57	-13	51	6	71	11	75	24	cell = 200 to 207
82	-13	39	3	8	-28	52	-16	cell = 208 to 215
10	-20	-6	2	17	6	80	-36	cell = 216 to 223
45	11	76	-41	6	11	84	3	cell = 224 to 231
33	7	83	-25	23	13	18	-22	cell = 232 to 239
66	2	31	-42	20	5	24	-8	cell = 240 to 247
13	-7	85	15	30	16	-1	-35	cell = 248 to 255
38	2	60	-15	53	9	37	-14	cell = 256 to 263
48	-7	43	-46	22	11	46	-39	cell = 264 to 271
23	3	50	-2	51	-29	84	15	cell = 272 to 279
58	10	41	-10	57	10	69	32	cell = 280 to 287
59	-22	28	11	33	-5	25	13	cell = 288 to 295
48	18	66	18	85	36	31	-17	cell = 296 to 303
54	-9	36	-2	28	-14	32	-12	cell = 304 to 311
50	-2	56	-1	38	-11	49	-6	cell = 312 to 319
45	-21	87	-28	8	1	32	28	cell = 320 to 327
21	-5	33	-17	33	-44	15	-19	cell = 328 to 335
75	3	65	-15	12	-9	12	0	cell = 336 to 343
54	-53	52	23	50	13	32	-17	cell = 344 to 351
79	15	37	-13	43	36	46	8	cell = 352 to 359
63	8	70	-25	75	17	32	22	cell = 360 to 367
48	18	96	-33	30	-15	-8	-16	cell = 368 to 375
35	14	45	-45	42	-25	70	-19	cell = 376 to 383
25	18	72	-29	26	42	60	-30	cell = 384 to 391
31	7	61	15	48	-34	67	-3	cell = 392 to 399
29	12	36	3	51	-18	20	-40	cell = 400 to 407
68	-22	34	14	30	-3	66	-18	cell = 408 to 415
69	-14	23	0	30	-11	31	-49	cell = 416 to 423
46	4	82	23	29	-10	59	-9	cell = 424 to 431
32	-34	53	-2	37	-19	65	-19	cell = 432 to 439
34	-33	31	42	23	9	57	24	cell = 440 to 447
56	-15	36	23	20	-8	42	-18	cell = 448 to 455
36	-27	76	-24	38	-7	56	35	cell = 456 to 463
24	-21	45	-29	2	-13	24	-46	cell = 464 to 471
72	-30	24	7	38	22	39	-2	cell = 472 to 479
19	-8	17	-37	77	-5	56	5	cell = 480 to 487
44	-17	64	37	39	29	60	-13	cell = 488 to 495
37	20	-58	-80	-24	-73	-37	-112	cell = 496 to 503
70	13	51	3	17	-3	30	1	cell = 504 to 511
14	-12	-32	-36	9	-33	-6	-23	cell = 512 to 519
-24	-19	-26	-34	-30	14	-30	34	cell = 520 to 527
-34	-22	21	4	-42	-57	-26	-9	cell = 528 to 535
10	-41	-50	-10	0	-38	-23	-20	cell = 536 to 543
-20	-31	-3	-51	-41	-32	0	2	cell = 544 to 551
-22	32	-49	0	-40	-16	-16	-31	cell = 552 to 559
-5	-5	-41	-14	-44	-24	-25	-13	cell = 560 to 567
-41	19	4	-21	-18	1	-39	-43	cell = 568 to 575
-28	-23	-31	8	-13	-2	-41	-27	cell = 576 to 583
-15	-33	-30	10	2	-21	-19	9	cell = 584 to 591
-10	-26	-15	13	-48	-60	-24	4	cell = 592 to 599
-31	-41	-16	22	-40	-15	-5	-6	cell = 600 to 607
-25	-35	-34	0	-18	-14	-14	-19	cell = 608 to 615
-33	-27	-15	-28	-26	-18	-69	4	cell = 616 to 623
-10	-36	-31	-27	-18	-22	-16	-56	cell = 624 to 631
15	-3	-3	3	27	-2	-43	25	cell = 632 to 639
-56	-20	-7	-31	-32	-35	-62	-28	cell = 640 to 647
-14	3	-27	-36	8	14	-5	-32	cell = 648 to 655
7	-2	-38	-14	-21	31	-23	-8	cell = 656 to 663
-27	-31	-58	0	28	-2	-20	10	cell = 664 to 671
-36	2	-36	4	21	-22	4	-23	cell = 672 to 679
-13	-3	-10	-45	-29	-36	-36	-19	cell = 680 to 687
-8	-29	-33	5	-34	-49	-16	-31	cell = 688 to 695
-29	5	-27	-7	6	13	-61	2	cell = 696 to 703
-49	-33	-16	-41	-17	-31	-34	-6	cell = 704 to 711
-13	-35	-36	-47	-11	-35	1	-23	cell = 712 to 719
9	-38	-34	-18	14	-5	-10	8	cell = 720 to 727
4	-43	-28	-50	1	-7	-7	10	cell = 728 to 735
-11	-4	17	-27	11	-21	10	26	cell = 736 to 743
6	-20	-45	-4	-35	-37	-48	-16	cell = 744 to 751
-17	-34	-20	-23	-11	10	-14	3	cell = 752 to 759
-25	-10	-44	-28	-26	13	-15	4	cell = 760 to 767
-31	-31	-16	-31	-9	42	-47	-33	cell = 768 to 775
7	3	-4	-44	-38	-4	-51	-20	cell = 776 to 783
-7	-50	4	22	-31	-36	-34	-44	cell = 784 to 791
-31	-33	-36	-8	-17	-31	10	-36	cell = 792 to 799
-12	-26	6	15	24	-11	-42	0	cell = 800 to 807
14	-9	7	-5	-36	-32	-16	3	cell = 808 to 815
0	-41	-32	-18	12	-27	17	-39	cell = 816 to 823
-26	-6	-49	-42	13	-18	-3	-33	cell = 824 to 831
-29	-4	-27	13	-17	-16	-31	-40	cell = 832 to 839
-33	-29	-45	-19	-45	-68	-27	-54	cell = 840 to 847
-57	-18	-16	-10	0	-3	-20	6	cell = 848 to 855
0	37	-50	-51	-7	5	9	-43	cell = 856 to 863
-49	-19	20	-14	-22	-4	-10	7	cell = 864 to 871
-6	-41	8	-55	-50	-31	4	-35	cell = 872 to 879
-34	-15	-42	-14	-13	-19	28	5	cell = 880 to 887
3	-17	-31	-25	-39	-6	-29	0	cell = 888 to 895
-29	-48	6	-31	-6	-12	-14	-38	cell = 896 to 903
3	-8	-10	-41	-3	-35	-11	-41	cell = 904 to 911
11	13	15	-4	-53	-18	0	-10	cell = 912 to 919
-55	-16	-35	-57	3	-12	-2	-30	cell = 920 to 927
13	-37	-21	-27	-4	-15	-44	-26	cell = 928 to 935
13	-13	21	-27	-15	20	20	-12	cell = 936 to 943
-5	-2	-26	-41	5	-25	-45	-19	cell = 944 to 951
-37	-38	-26	-8	34	-20	-28	-1	cell = 952 to 959
7	-44	-42	-11	-21	-44	-45	-28	cell = 960 to 967
-26	-23	-46	-44	10	-38	-12	-14	cell = 968 to 975
-42	-8	-18	-5	-9	-48	-40	-30	cell = 976 to 983
-54	-34	-36	-23	-24	-53	-2	-41	cell = 984 to 991
-13	-7	-66	-16	-16	-21	10	-11	cell = 992 to 999
-28	1	-21	-21	10	-24	23	-25	cell = 1000 to 1007
0	-17	-73	-22	0	-71	-17	-20	cell = 1008 to 1015
-6	-53	-55	-32	-24	-5	-17	12	cell = 1016 to 1023
Calibration values from cell 0 to 1024 for channel 3:

67	-48	47	-16	21	-17	34	-5	cell = 0 to 7
35	-2	5	1	55	-31	30	-5	cell = 8 to 15
26	13	60	-3	29	-46	38	-1	cell = 16 to 23
43	-35	34	-19	7	-20	1	-29	cell = 24 to 31
49	-19	68	-38	-3	11	27	-16	cell = 32 to 39
37	-55	61	-13	35	11	48	16	cell = 40 to 47
70	-13	6	-7	12	6	36	-6	cell = 48 to 55
36	-12	64	-1	71	-16	65	-1	cell = 56 to 63
64	13	73	-2	36	-22	47	-19	cell = 64 to 71
43	2	32	-21	7	20	38	18	cell = 72 to 79
78	11	32	37	25	-56	64	-9	cell = 80 to 87
28	17	47	-38	62	48	59	-17	cell = 88 to 95
36	-24	45	-17	65	-7	78	39	cell = 96 to 103
16	7	69	-5	35	-6	75	6	cell = 104 to 111
31	20	38	-38	43	12	23	-9	cell = 112 to 119
31	-15	50	-5	64	-12	68	-12	cell = 120 to 127
44	-26	21	-9	39	-7	36	-59	cell = 128 to 135
17	13	34	-3	93	-25	60	-36	cell = 136 to 143
48	-6	63	-13	64	0	50	-14	cell = 144 to 151
29	-46	45	0	42	-7	23	3	cell = 152 to 159
13	6	65	-30	46	12	50	-25	cell = 160 to 167
43	6	62	-34	49	33	56	13	cell = 168 to 175
52	-46	49	11	23	-40	39	-1	cell = 176 to 183
55	8	71	-41	25	-9	60	-72	cell = 184 to 191
34	-7	47	-11	47	7	72	1	cell = 192 to 199
12	3	53	-16	58	40	47	12	cell = 200 to 207
62	-31	50	-56	63	-4	23	-20	cell = 208 to 215
69	0	67	-32	9	-31	21	-11	cell = 216 to 223
47	-26	29	20	28	-26	30	3	cell = 224 to 231
58	19	50	-24	15	5	78	-25	cell = 232 to 239
52	46	52	-49	42	-35	27	-14	cell = 240 to 247
31	-44	53	-6	69	0	47	-7	cell = 248 to 255
37	23	32	-28	42	-28	14	17	cell = 256 to 263
35	-4	56	0	12	-8	16	-25	cell = 264 to 271
-1	-37	27	9	56	12	16	-19	cell = 272 to 279
89	-18	22	5	35	18	22	-20	cell = 280 to 287
58	31	43	-6	29	-10	42	-26	cell = 288 to 295
61	45	56	-18	36	21	32	-19	cell = 296 to 303
30	8	11	-63	63	7	49	-4	cell = 304 to 311
33	-9	37	-32	51	23	16	-8	cell = 312 to 319
60	-8	35	-42	27	1	39	13	cell = 320 to 327
73	15	63	-46	21	0	100	-15	cell = 328 to 335
48	6	47	-48	31	-37	31	-50	cell = 336 to 343
8	16	79	-15	22	-29	51	-5	cell = 344 to 351
12	-26	46	42	51	12	43	26	cell = 352 to 359
38	30	45	-30	46	12	46	17	cell = 360 to 367
33	0	7	-30	24	16	26	-34	cell = 368 to 375
50	16	9	-9	49	-10	45	-21	cell = 376 to 383
42	-62	51	-32	17	-23	53	15	cell = 384 to 391
24	-41	22	16	43	-30	34	-44	cell = 392 to 399
37	0	77	-20	33	-11	51	-16	cell = 400 to 407
47	17	44	2	59	-32	29	-39	cell = 408 to 415
46	19	32	-61	9	2	27	32	cell = 416 to 423
18	9	68	-2	52	-36	42	-17	cell = 424 to 431
58	26	56	-12	69	-5	49	-8	cell = 432 to 439
66	-35	60	1	58	33	20	-46	cell = 440 to 447
43	19	55	-31	17	9	53	17	cell = 448 to 455
39	-17	50	-6	6	-7	19	17	cell = 456 to 463
46	-2	23	-47	52	-10	51	-14	cell = 464 to 471
41	-36	17	28	67	-29	45	7	cell = 472 to 479
58	-18	90	19	34	15	60	-36	cell = 480 to 487
1	-32	24	-17	15	1	36	30	cell = 488 to 495
59	-47	-14	-76	-40	-103	-13	-110	cell = 496 to 503
41	44	74	-48	70	-6	19	-50	cell = 504 to 511
-33	-5	-28	-29	-33	-28	-36	-37	cell = 512 to 519
-28	-29	-51	-38	-33	-16	-14	-6	cell = 520 to 527
-19	-45	-25	5	-18	0	-11	-31	cell = 528 to 535
-2	-55	6	-9	-39	7	-7	-20	cell = 536 to 543
-4	-20	-2	-36	-66	12	-25	-39	cell = 544 to 551
27	8	2	31	-35	-7	7	-41	cell = 552 to 559
-8	-24	-2	13	14	-10	-3	-10	cell = 560 to 567
-22	-35	-27	-11	-49	-1	-37	8	cell = 568 to 575
-32	-8	-15	8	-14	2	-10	5	cell = 576 to 583
9	-25	-10	-33	-25	-48	-24	-9	cell = 584 to 591
-25	-36	-32	22	-55	-40	15	-50	cell = 592 to 599
-22	-18	20	18	19	-44	-23	-27	cell = 600 to 607
1	-17	-2	-16	0	-55	11	4	cell = 608 to 615
-14	-57	-40	1	-62	-5	-5	10	cell = 616 to 623
27	2	-39	31	4	-6	-31	-15	cell = 624 to 631
2	-29	11	-37	-43	-28	-15	5	cell = 632 to 639
4	-26	-16	-37	-24	-3	6	-11	cell = 640 to 647
-6	-53	-27	-34	29	-46	-49	-9	cell = 648 to 655
-32	0	-22	9	17	-29	-49	-18	cell = 656 to 663
-16	-16	-39	-23	2	-27	-52	-47	cell = 664 to 671
0	-18	-27	13	-37	-27	-29	-23	cell = 672 to 679
-30	-42	-48	25	-24	4	-9	18	cell = 680 to 687
14	-44	-37	-14	29	-61	-12	-34	cell = 688 to 695
-3	-37	12	-16	-20	-37	-7	-5	cell = 696 to 703
-14	-35	0	-28	-15	7	2	-3	cell = 704 to 711
-46	-19	-19	17	8	-28	-49	-18	cell = 712 to 719
-50	-2	-9	-3	-47	-19	-9	-15	cell = 720 to 727
-22	-15	-19	24	1	1	-10	-4	cell = 728 to 735
-27	-35	7	-15	-13	-31	-37	-19	cell = 736 to 743
-22	-12	-13	-52	3	-10	-17	-34	cell = 744 to 751
-16	-42	12	-50	-29	-19	-6	-24	cell = 752 to 759
-25	-37	0	3	-24	7	-38	-42	cell = 760 to 767
-33	5	20	-71	-24	-3	-61	-24	cell = 768 to 775
-15	-22	6	-10	5	-3	-27	-25	cell = 776 to 783
17	2	-41	-4	-37	-14	-2	-20	cell = 784 to 791
-6	-44	-10	-47	-9	-54	-13	-11	cell = 792 to 799
-5	-19	-8	-29	-13	-18	-5	-39	cell = 800 to 807
-4	-31	-58	-8	-4	-19	3	-47	cell = 808 to 815
-38	28	-72	0	-39	18	26	-14	cell = 816 to 823
34	-25	-7	-2	-31	-17	-65	1	cell = 824 to 831
25	-26	-23	-44	-3	-13	-23	21	cell = 832 to 839
-16	-41	-5	-17	15	-41	-42	-8	cell = 840 to 847
-22	-24	-20	-37	19	-8	-1	1	cell = 848 to 855
-16	33	-3	-7	-6	8	-8	24	cell = 856 to 863
-11	-8	-24	3	-31	7	-29	-22	cell = 864 to 871
-24	-16	-20	15	-5	1	-54	-18	cell = 872 to 879
-19	-2	-29	12	1	24	-36	3	cell = 880 to 887
-42	-14	-39	7	12	-45	-16	21	cell = 888 to 895
-28	-6	13	-17	-26	-29	-33	8	cell = 896 to 903
-14	0	10	-22	17	-37	-36	-19	cell = 904 to 911
12	3	-32	-11	-57	-19	-4	27	cell = 912 to 919
-20	-29	-28	-26	22	22	-5	-30	cell = 920 to 927
19	-42	-19	-10	-41	6	-13	-13	cell = 928 to 935
-7	-50	-17	-35	3	7	-15	-21	cell = 936 to 943
1	-17	-5	24	-18	-51	-3	-28	cell = 944 to 951
-8	-24	2	-23	8	-15	-7	-36	cell = 952 to 959
-56	-37	-11	-22	-48	-18	-35	-56	cell = 960 to 967
-53	-47	-10	16	-23	-32	1	-4	cell = 968 to 975
12	-12	18	-7	4	-10	-33	-24	cell = 976 to 983
-20	-22	-26	14	-18	-23	-17	0	cell = 984 to 991
32	-35	-14	14	-3	1	-23	-36	cell = 992 to 999
-19	-12	-8	-24	-10	-29	-11	-11	cell = 1000 to 1007
6	-7	-56	-44	-28	-35	-48	-27	cell = 1008 to 1015
-3	-26	-3	-33	-30	5	-31	-35	cell = 1016 to 1023
Calibration values from cell 0 to 1024 for channel 4:

47	-16	49	-4	28	-22	43	-7	cell = 0 to 7
63	-10	5	36	56	-19	50	-23	cell = 8 to 15
15	11	44	-38	28	-3	56	7	cell = 16 to 23
31	5	80	-38	24	-12	49	-45	cell = 24 to 31
17	9	68	12	2	8	54	-26	cell = 32 to 39
67	-30	47	14	37	-41	69	-34	cell = 40 to 47
42	23	17	-26	43	-14	49	-17	cell = 48 to 55
77	2	61	-22	54	6	24	-32	cell = 56 to 63
24	3	54	-12	42	-30	73	-16	cell = 64 to 71
12	-29	66	5	33	-40	45	-13	cell = 72 to 79
43	-2	50	-34	68	-14	24	7	cell = 80 to 87
60	-5	23	-15	87	-19	21	-14	cell = 88 to 95
42	11	57	-4	55	27	45	-14	cell = 96 to 103
15	8	12	-3	73	-11	70	-49	cell = 104 to 111
57	-41	30	-21	59	-9	43	-14	cell = 112 to 119
36	21	36	5	89	8	69	5	cell = 120 to 127
61	-10	29	-15	48	-7	28	-4	cell = 128 to 135
25	-28	39	-26	54	-8	40	-17	cell = 136 to 143
29	9	9	1	26	41	41	-23	cell = 144 to 151
6	-6	45	-9	42	-52	25	-5	cell = 152 to 159
42	-5	49	25	35	-45	37	-11	cell = 160 to 167
62	16	-3	-21	56	0	35	0	cell = 168 to 175
62	-40	28	-1	42	14	9	-28	cell = 176 to 183
67	-6	81	-43	47	8	46	30	cell = 184 to 191
42	17	28	-7	33	14	20	-20	cell = 192 to 199
72	-9	17	-33	65	-3	53	0	cell = 200 to 207
40	-14	53	24	22	1	26	-25	cell = 208 to 215
69	20	84	22	30	16	5	-60	cell = 216 to 223
59	15	71	19	58	4	57	8	cell = 224 to 231
39	25	59	-36	65	0	75	-1	cell = 232 to 239
35	-15	46	3	68	1	19	19	cell = 240 to 247
66	5	54	43	73	-29	33	-19	cell = 248 to 255
15	-41	78	-8	20	-35	40	-56	cell = 256 to 263
42	-4	25	-32	66	-17	24	-44	cell = 264 to 271
82	14	17	9	91	-38	53	-20	cell = 272 to 279
20	-38	47	3	33	-28	23	34	cell = 280 to 287
75	-4	74	-10	63	-30	103	26	cell = 288 to 295
13	5	34	-25	44	-16	33	-39	cell = 296 to 303
68	-30	61	14	60	-9	65	7	cell = 304 to 311
67	-10	16	-19	59	-14	61	-27	cell = 312 to 319
30	11	16	-70	23	-13	45	-17	cell = 320 to 327
10	29	27	-1	44	-54	46	12	cell = 328 to 335
14	14	27	1	28	-6	56	-7	cell = 336 to 343
56	36	65	-36	64	-13	63	5	cell = 344 to 351
55	-1	45	24	60	-30	37	-61	cell = 352 to 359
32	27	51	3	48	-20	53	8	cell = 360 to 367
25	-15	38	-10	17	-21	59	1	cell = 368 to 375
7	16	40	22	2	13	20	-20	cell = 376 to 383
24	-11	48	-5	55	6	61	2	cell = 384 to 391
46	-16	76	-2	51	9	54	-12	cell = 392 to 399
67	17	94	0	70	48	26	22	cell = 400 to 407
46	-17	53	-1	61	17	31	7	cell = 408 to 415
50	1	40	25	21	-22	41	-5	cell = 416 to 423
56	-4	30	7	34	-21	41	1	cell = 424 to 431
23	13	18	0	59	28	48	12	cell = 432 to 439
51	1	17	27	42	-33	75	23	cell = 440 to 447
-5	0	39	-38	36	-49	32	-6	cell = 448 to 455
13	-46	34	1	7	-58	40	-38	cell = 456 to 463
67	12	28	-17	66	23	101	-23	cell = 464 to 471
78	-6	55	-10	10	-7	43	1	cell = 472 to 479
37	4	38	-12	54	0	69	-16	cell = 480 to 487
38	-21	63	-16	45	17	40	-6	cell = 488 to 495
3	10	-60	-92	-64	-92	4	-59	cell = 496 to 503
58	-16	74	-9	84	-34	65	-29	cell = 504 to 511
-10	7	37	-14	-18	-14	-42	-26	cell = 512 to 519
-21	-33	4	-52	40	-15	-40	-29	cell = 520 to 527
22	-28	-24	-40	-27	-12	-13	-44	cell = 528 to 535
-13	8	-35	22	1	-17	6	-36	cell = 536 to 543
-27	19	-23	-31	-51	-42	-19	-42	cell = 544 to 551
-4	19	-6	-47	-37	-58	-65	-8	cell = 552 to 559
-11	4	-17	-46	-19	-23	-42	-2	cell = 560 to 567
-34	14	2	9	6	-44	-34	-57	cell = 568 to 575
2	-28	-69	9	-12	-7	-7	-1	cell = 576 to 583
10	-44	3	-24	22	0	-35	-24	cell = 584 to 591
12	23	4	15	-26	3	-51	-19	cell = 592 to 599
-24	-17	-40	-13	-37	-42	-14	-30	cell = 600 to 607
-23	-34	-53	-10	-55	-16	-19	-32	cell = 608 to 615
-37	19	-20	-14	-36	-36	-27	-36	cell = 616 to 623
-39	-2	8	-11	-21	-21	-4	-52	cell = 624 to 631
-57	0	-26	9	35	-24	-26	-53	cell = 632 to 639
-22	-9	-24	-32	-37	-32	-4	-60	cell = 640 to 647
5	-18	-6	12	-33	-17	19	-52	cell = 648 to 655
-5	-16	-2	15	-45	-48	-17	4	cell = 656 to 663
12	37	14	-44	-33	3	-37	-12	cell = 664 to 671
-39	-4	-29	-19	-12	-12	-10	-8	cell = 672 to 679
0	-37	-32	-39	-9	-19	-13	6	cell = 680 to 687
-7	-12	-66	-5	-8	-30	-6	-31	cell = 688 to 695
7	11	-22	14	-29	-2	-41	10	cell = 696 to 703
-33	-51	40	-63	-33	-19	-21	-40	cell = 704 to 711
-37	-6	6	6	15	-32	-48	-20	cell = 712 to 719
-42	-20	41	-9	-16	-41	-26	-19	cell = 720 to 727
5	-21	-35	1	-9	-35	-3	12	cell = 728 to 735
-12	-19	-18	-12	-23	4	-4	-40	cell = 736 to 743
-24	-33	-18	-51	-5	-73	30	22	cell = 744 to 751
10	5	-51	-13	-26	16	1	-12	cell = 752 to 759
30	-17	-49	-18	-40	4	-12	-2	cell = 760 to 767
12	-2	-64	-13	-28	0	-29	-24	cell = 768 to 775
31	-31	9	-20	-5	-22	-48	-16	cell = 776 to 783
-23	0	-28	-26	-28	-7	2	-46	cell = 784 to 791
11	-13	-17	-51	-42	0	-23	-10	cell = 792 to 799
11	-28	-34	-7	-11	-27	-81	33	cell = 800 to 807
-43	-13	15	-20	-59	-32	-9	-9	cell = 808 to 815
2	-18	8	33	-22	18	-9	2	cell = 816 to 823
-20	-53	-14	-29	32	-2	-71	-11	cell = 824 to 831
-25	8	-30	-30	-47	0	-3	-22	cell = 832 to 839
6	-18	5	-44	-18	-6	-10	-17	cell = 840 to 847
-22	-49	-13	-13	17	-5	-20	0	cell = 848 to 855
-21	-44	-40	-9	-3	-57	-19	13	cell = 856 to 863
-19	0	-58	-39	-34	-34	-27	-34	cell = 864 to 871
10	-40	-15	2	-20	-22	-26	-25	cell = 872 to 879
-23	17	-31	-35	-17	-23	-10	-23	cell = 880 to 887
-26	1	-8	-29	-10	-17	-22	-40	cell = 888 to 895
5	-31	-7	-67	12	-12	-13	-44	cell = 896 to 903
-4	-19	-34	-51	-11	-20	-17	-31	cell = 904 to 911
5	-29	-9	-78	-33	-9	-25	32	cell = 912 to 919
-53	-13	-28	-20	-22	-37	-30	-12	cell = 920 to 927
-32	-40	-63	-14	-30	-39	-23	8	cell = 928 to 935
-20	-6	-30	-8	-15	-53	-18	-9	cell = 936 to 943
-11	-12	4	5	12	10	-15	13	cell = 944 to 951
-13	-37	-19	9	-63	-34	-24	5	cell = 952 to 959
-31	-36	-53	-23	-32	-33	-8	0	cell = 960 to 967
0	-9	-40	-49	-5	-30	-25	-40	cell = 968 to 975
-14	-20	-25	-18	-5	-69	-3	-36	cell = 976 to 983
-6	5	-27	-8	11	-4	-19	-16	cell = 984 to 991
40	-49	-40	-16	-39	-5	-10	-36	cell = 992 to 999
1	-15	-7	-28	-39	5	-44	-38	cell = 1000 to 1007
-17	-16	10	-17	-35	-45	-24	-18	cell = 1008 to 1015
-5	-52	-26	4	12	-27	-47	18	cell = 1016 to 1023
Calibration values from cell 0 to 1024 for channel 5:

49	8	24	-26	32	14	48	-32	cell = 0 to 7
53	-19	47	-9	24	0	44	-10	cell = 8 to 15
35	-25	83	-38	34	1	13	-3	cell = 16 to 23
47	3	49	16	22	-7	33	15	cell = 24 to 31
56	7	30	4	46	-42	71	-44	cell = 32 to 39
38	-3	68	4	33	31	60	31	cell = 40 to 47
43	17	48	-7	19	44	33	-38	cell = 48 to 55
21	-14	36	6	63	-15	3	-18	cell = 56 to 63
71	-16	46	-32	52	10	28	-33	cell = 64 to 71
29	-7	49	12	39	-10	43	32	cell = 72 to 79
29	-24	31	14	34	10	26	17	cell = 80 to 87
43	-10	54	-25	64	-32	13	0	cell = 88 to 95
44	26	51	22	67	-29	62	-8	cell = 96 to 103
19	14	46	-7	5	16	57	-13	cell = 104 to 111
31	9	56	-22	48	-23	33	20	cell = 112 to 119
68	2	48	-31	17	-45	64	-20	cell = 120 to 127
46	-16	65	7	19	-19	4	-43	cell = 128 to 135
46	10	37	-12	44	-21	58	-4	cell = 136 to 143
13	-20	44	7	28	18	51	-13	cell = 144 to 151
50	-7	53	-10	61	-19	37	15	cell = 152 to 159
33	-10	31	-38	31	-38	32	-5	cell = 160 to 167
41	-9	36	-27	19	8	57	8	cell = 168 to 175
-3	52	55	-32	28	-4	47	-12	cell = 176 to 183
33	-8	44	-7	12	-28	86	-55	cell = 184 to 191
43	26	44	-27	26	-30	12	-46	cell = 192 to 199
19	18	19	-11	32	-13	58	13	cell = 200 to 207
37	-8	-21	-14	71	-10	92	28	cell = 208 to 215
62	-22	27	6	56	-28	-3	-4	cell = 216 to 223
10	-21	21	-19	89	7	52	-7	cell = 224 to 231
49	-6	70	-9	36	-17	54	-21	cell = 232 to 239
19	-9	42	-67	42	5	67	-21	cell = 240 to 247
38	-18	20	-19	-2	-4	25	-67	cell = 248 to 255
41	-13	52	29	26	9	44	-14	cell = 256 to 263
46	-5	30	8	74	-16	70	-60	cell = 264 to 271
47	7	40	-12	51	-50	60	-21	cell = 272 to 279
19	-16	49	-6	45	27	60	-29	cell = 280 to 287
52	12	41	-26	38	-29	61	2	cell = 288 to 295
48	-5	21	-21	81	-5	50	-19	cell = 296 to 303
21	-47	68	19	47	13	52	8	cell = 304 to 311
37	7	48	-30	47	13	48	-17	cell = 312 to 319
57	-21	80	-10	33	4	55	-12	cell = 320 to 327
70	-37	84	22	-4	-27	21	-31	cell = 328 to 335
45	-6	41	2	57	-11	18	-3	cell = 336 to 343
63	22	60	-7	56	0	24	-9	cell = 344 to 351
58	28	36	-35	24	-40	64	-9	cell = 352 to 359
39	-34	66	-38	28	-24	12	-2	cell = 360 to 367
37	-3	48	0	42	15	34	-8	cell = 368 to 375
47	-30	55	-13	12	-20	47	-46	cell = 376 to 383
32	21	63	15	59	6	5	-12	cell = 384 to 391
61	-12	35	-27	5	28	19	-9	cell = 392 to 399
5	-31	55	0	30	18	33	-6	cell = 400 to 407
62	-23	106	18	70	32	61	-3	cell = 408 to 415
19	-17	31	-22	37	2	84	6	cell = 416 to 423
43	-34	59	-32	74	3	111	-13	cell = 424 to 431
30	-40	25	18	24	1	34	9	cell = 432 to 439
61	-21	72	-21	18	-13	61	23	cell = 440 to 447
67	-39	65	-33	-4	-2	68	-7	cell = 448 to 455
52	0	28	-32	91	9	19	-25	cell = 456 to 463
32	-4	17	-25	51	-10	22	-20	cell = 464 to 471
52	-18	62	12	62	31	18	-28	cell = 472 to 479
68	14	72	-16	1	-9	34	25	cell = 480 to 487
29	5	39	-15	41	-1	46	-22	cell = 488 to 495
45	-17	-21	-87	-30	-105	6	-71	cell = 496 to 503
41	-6	46	-39	37	32	44	-8	cell = 504 to 511
-30	-26	-22	-29	-3	-10	12	-3	cell = 512 to 519
-36	-25	-5	-41	4	-4	11	-4	cell = 520 to 527
30	-80	14	-25	-11	-5	-14	11	cell = 528 to 535
5	-34	-11	-23	-42	7	-44	-51	cell = 536 to 543
-22	-42	16	-11	-25	-36	-34	-8	cell = 544 to 551
-12	-8	-34	-6	-8	-41	36	0	cell = 552 to 559
8	-38	37	-44	35	3	-1	-41	cell = 560 to 567
-26	-23	20	0	-19	-33	0	41	cell = 568 to 575
-18	-26	-11	-8	-32	-36	-25	-20	cell = 576 to 583
-41	-33	-7	7	-31	-81	-10	-15	cell = 584 to 591
-34	-14	-16	-13	10	-21	-29	-2	cell = 592 to 599
-2	13	-42	-2	-30	-45	-14	-29	cell = 600 to 607
-18	0	-32	-11	-22	-33	-3	-7	cell = 608 to 615
13	-33	-57	3	-30	-21	13	-19	cell = 616 to 623
-35	20	-18	-30	5	-47	-25	-25	cell = 624 to 631
-16	-46	-16	-37	-4	-31	18	-7	cell = 632 to 639
9	-60	-24	-42	-19	-8	-15	-46	cell = 640 to 647
-63	34	-8	-1	-26	-42	4	-45	cell = 648 to 655
-8	-26	-4	-34	-23	11	-10	25	cell = 656 to 663
12	20	-24	-15	23	25	21	-25	cell = 664 to 671
-29	-5	8	-24	-27	-4	-8	-27	cell = 672 to 679
-14	-17	7	10	3	7	-40	-43	cell = 680 to 687
-3	-10	-16	17	-10	-7	9	-24	cell = 688 to 695
-30	-39	-33	-9	-65	-34	-23	-28	cell = 696 to 703
-27	17	-4	-13	15	13	-33	6	cell = 704 to 711
-7	-33	5	7	19	26	-47	-29	cell = 712 to 719
18	-10	4	-9	-56	-34	-10	-8	cell = 720 to 727
-6	-6	-6	5	24	-31	-18	-2	cell = 728 to 735
-8	-32	-8	-5	-19	12	-41	-39	cell = 736 to 743
-9	-28	-5	0	1	1	-6	-3	cell = 744 to 751
-40	-30	11	-5	-13	-4	37	0	cell = 752 to 759
-23	-24	7	-29	-19	-16	-10	-49	cell = 760 to 767
-22	-35	-23	-47	-27	3	-19	1	cell = 768 to 775
2	24	-24	-5	10	-50	-25	-44	cell = 776 to 783
-25	-46	-48	12	-20	-34	-33	-13	cell = 784 to 791
-15	-23	3	-19	-7	-5	-38	-18	cell = 792 to 799
-18	5	-18	0	-16	-3	3	-50	cell = 800 to 807
33	-15	-12	3	7	-46	-73	-39	cell = 808 to 815
-25	-39	-40	-24	-10	-4	-36	-8	cell = 816 to 823
1	-30	-13	-11	-31	0	13	24	cell = 824 to 831
-38	-29	11	-15	-51	-9	-5	-11	cell = 832 to 839
17	10	-45	14	-19	-5	4	-12	cell = 840 to 847
-49	-21	9	2	-2	-17	13	5	cell = 848 to 855
-28	-32	-28	6	-22	-12	-15	-14	cell = 856 to 863
-21	-38	2	-36	-14	-27	-23	-19	cell = 864 to 871
-41	-9	-44	5	-3	-34	-21	-48	cell = 872 to 879
-1	-23	-23	-8	0	12	11	-18	cell = 880 to 887
-5	-49	-28	27	1	-35	-37	-70	cell = 888 to 895
-26	-26	8	-30	-41	-16	-17	-26	cell = 896 to 903
-31	-38	3	-14	-61	-57	-27	-17	cell = 904 to 911
45	-11	-47	-26	3	-61	-25	17	cell = 912 to 919
-21	-44	-35	-6	-23	-29	11	-25	cell = 920 to 927
-52	-12	-30	-51	-12	-36	-30	-7	cell = 928 to 935
5	-47	7	-38	-65	-44	-4	7	cell = 936 to 943
-40	-16	-23	-28	9	-59	1	-29	cell = 944 to 951
-18	-12	-13	-16	-32	-16	-16	2	cell = 952 to 959
-51	-8	12	-71	-21	-62	4	4	cell = 960 to 967
-21	-21	-18	-51	-19	-24	-5	1	cell = 968 to 975
5	-13	-2	-20	-13	35	-18	-3	cell = 976 to 983
2	-18	-16	-7	15	-56	-30	-10	cell = 984 to 991
-69	-39	10	-24	-32	-8	-42	-5	cell = 992 to 999
2	-41	-4	-43	-21	-26	-12	-18	cell = 1000 to 1007
-1	-8	-25	-23	-43	-20	-37	-12	cell = 1008 to 1015
-46	-28	-28	-29	-15	-21	-57	22	cell = 1016 to 1023
Calibration values from cell 0 to 1024 for channel 6:

54	-35	34	-21	65	3	46	11	cell = 0 to 7
50	-13	88	-13	62	-3	41	-16	cell = 8 to 15
49	-2	50	-16	46	-34	58	-27	cell = 16 to 23
57	-17	64	3	55	-9	49	1	cell = 24 to 31
48	-4	59	-16	34	-4	43	-30	cell = 32 to 39
67	-9	39	4	76	-9	31	-58	cell = 40 to 47
43	-19	25	-38	38	-18	30	-10	cell = 48 to 55
36	3	52	-22	5	-2	29	32	cell = 56 to 63
52	-34	37	-28	57	19	30	-26	cell = 64 to 71
37	-24	22	-5	19	-18	44	-15	cell = 72 to 79
8	-41	21	-15	65	-26	78	-27	cell = 80 to 87
21	-8	39	-47	68	-21	76	6	cell = 88 to 95
20	-13	65	11	26	-6	68	-1	cell = 96 to 103
23	-9	49	0	71	8	48	-18	cell = 104 to 111
20	11	33	-31	49	18	53	-39	cell = 112 to 119
57	-43	28	-30	50	0	51	5	cell = 120 to 127
41	-5	55	6	45	-24	56	-1	cell = 128 to 135
28	36	1	-9	19	24	52	-29	cell = 136 to 143
56	-4	76	-25	47	-12	62	-18	cell = 144 to 151
84	-1	23	-7	26	-27	62	-14	cell = 152 to 159
70	-18	22	-22	38	33	48	-27	cell = 160 to 167
34	21	43	1	25	40	61	3	cell = 168 to 175
29	-28	77	-35	37	0	20	31	cell = 176 to 183
42	-12	7	-48	21	-20	65	-46	cell = 184 to 191
28	-31	35	15	50	-7	9	-7	cell = 192 to 199
50	-27	58	-34	24	-10	37	1	cell = 200 to 207
21	6	55	-42	58	18	62	-16	cell = 208 to 215
36	-2	22	-40	31	0	63	-16	cell = 216 to 223
15	3	12	-34	75	-35	40	-30	cell = 224 to 231
48	4	25	12	30	0	51	5	cell = 232 to 239
36	33	20	-13	20	38	49	-44	cell = 240 to 247
42	18	40	-46	43	9	83	5	cell = 248 to 255
23	5	35	-38	21	-28	24	-26	cell = 256 to 263
61	-5	60	0	36	-6	18	11	cell = 264 to 271
63	-57	22	-31	51	-19	38	-50	cell = 272 to 279
39	-6	44	-34	50	-2	48	-1	cell = 280 to 287
28	12	98	19	91	-5	38	-3	cell = 288 to 295
63	-20	55	23	35	33	52	2	cell = 296 to 303
66	-3	52	0	39	-9	50	-19	cell = 304 to 311
35	-11	45	1	27	-11	47	36	cell = 312 to 319
64	-34	56	-39	51	-19	66	0	cell = 320 to 327
28	-13	31	-14	72	16	31	-12	cell = 328 to 335
67	1	2	31	30	0	48	-23	cell = 336 to 343
24	-6	26	13	31	7	77	-21	cell = 344 to 351
69	-21	24	13	40	13	27	-31	cell = 352 to 359
15	-9	39	-37	52	-24	46	-42	cell = 360 to 367
68	-56	36	26	59	6	52	-29	cell = 368 to 375
77	4	14	-12	55	-18	34	-45	cell = 376 to 383
64	15	47	-4	53	-11	64	-30	cell = 384 to 391
18	-41	41	-26	51	34	34	6	cell = 392 to 399
41	-23	2	-47	22	-20	55	-33	cell = 400 to 407
33	-32	30	2	31	-2	47	-31	cell = 408 to 415
48	-7	37	-24	40	13	35	-2	cell = 416 to 423
42	-4	39	-21	0	16	48	-5	cell = 424 to 431
22	-27	23	-14	24	-2	66	12	cell = 432 to 439
38	24	52	16	52	-11	72	15	cell = 440 to 447
85	-21	47	-12	55	23	64	-20	cell = 448 to 455
39	16	43	-38	18	-15	40	15	cell = 456 to 463
80	-3	54	-28	64	2	55	12	cell = 464 to 471
46	11	57	-7	45	45	28	13	cell = 472 to 479
23	8	80	-14	15	5	57	-49	cell = 480 to 487
61	-14	68	33	34	-32	65	-13	cell = 488 to 495
30	-32	-23	-85	-15	-87	-26	-87	cell = 496 to 503
58	1	46	-9	38	-23	36	-17	cell = 504 to 511
-52	17	12	-25	-11	-21	-29	-1	cell = 512 to 519
-39	-17	-45	-19	8	-3	-26	-21	cell = 520 to 527
2	-64	20	-13	-7	-42	-32	-13	cell = 528 to 535
-32	-31	-10	-7	-22	17	-69	-7	cell = 536 to 543
-14	-31	-7	0	-17	-25	-50	15	cell = 544 to 551
-10	-51	-30	-12	-18	20	4	-25	cell = 552 to 559
-17	-30	0	1	-13	-43	-1	-36	cell = 560 to 567
-56	4	8	-18	-3	-69	-2	-1	cell = 568 to 575
-3	-46	-33	-14	-22	-56	-9	-51	cell = 576 to 583
35	-28	-11	-5	-32	-33	-32	11	cell = 584 to 591
-6	-61	10	-25	-4	-28	-20	3	cell = 592 to 599
20	3	-33	-6	-20	0	-34	-51	cell = 600 to 607
-28	-36	-32	-53	27	-38	14	-24	cell = 608 to 615
-14	19	-7	-7	-43	-20	-4	-18	cell = 616 to 623
-3	-18	-8	-51	-26	-59	-50	8	cell = 624 to 631
-20	-13	-33	-30	-36	-42	-50	-54	cell = 632 to 639
-55	-48	-46	-50	-57	6	-25	0	cell = 640 to 647
-15	-15	-1	15	-32	0	-22	-12	cell = 648 to 655
8	-20	-2	5	-23	-13	10	-27	cell = 656 to 663
6	-18	-75	-18	-4	-36	-12	-11	cell = 664 to 671
-21	-29	-19	30	-27	-18	1	-24	cell = 672 to 679
-3	-8	27	18	45	-40	-39	-4	cell = 680 to 687
4	-23	-12	-37	-14	-10	-19	0	cell = 688 to 695
-45	-59	-31	-68	-6	-7	8	-9	cell = 696 to 703
-29	-14	16	-5	-2	-26	17	0	cell = 704 to 711
17	-1	11	-11	-3	-40	-36	-50	cell = 712 to 719
-26	-12	-31	-14	4	-27	0	-24	cell = 720 to 727
-49	-12	-16	-9	-15	-45	18	3	cell = 728 to 735
-24	-29	-39	19	-31	-24	2	-23	cell = 736 to 743
-10	-14	-45	-15	-21	-15	-41	-54	cell = 744 to 751
-5	-41	0	-38	-7	-37	8	-35	cell = 752 to 759
-7	21	4	-45	-2	-9	30	-28	cell = 760 to 767
-16	-51	-11	-9	-12	0	24	-30	cell = 768 to 775
-12	-37	-10	-8	5	7	25	1	cell = 776 to 783
-10	-22	3	-22	-31	5	-9	-37	cell = 784 to 791
2	-10	-5	-45	0	-34	-16	29	cell = 792 to 799
30	-8	-21	-13	25	1	-51	-37	cell = 800 to 807
-37	-23	4	10	-10	-41	10	-4	cell = 808 to 815
12	-6	-21	-15	-16	-8	-15	-23	cell = 816 to 823
18	14	-10	-8	8	-11	-27	3	cell = 824 to 831
6	9	10	-22	-9	-77	-17	-18	cell = 832 to 839
1	27	-36	-11	-20	10	-50	-6	cell = 840 to 847
-37	-12	-19	-38	-12	-22	-32	-63	cell = 848 to 855
-5	-22	11	15	-8	-8	-40	-47	cell = 856 to 863
-12	-38	-9	-41	-3	-37	-35	-20	cell = 864 to 871
-43	-40	-19	-57	-18	-16	-44	-3	cell = 872 to 879
-14	-43	-7	2	-15	1	22	-41	cell = 880 to 887
-25	-52	18	-40	-29	-25	-22	11	cell = 888 to 895
-10	2	0	-1	-10	-35	-72	-14	cell = 896 to 903
16	-13	-18	-22	-22	-53	-45	4	cell = 904 to 911
7	-11	-24	-26	-14	3	29	19	cell = 912 to 919
-17	-30	-41	-33	22	-16	-15	8	cell = 920 to 927
5	-26	6	-1	-8	-48	-33	-21	cell = 928 to 935
-50	4	-15	-14	-5	-14	-2	-10	cell = 936 to 943
-23	-5	-50	8	-6	11	-18	14	cell = 944 to 951
-35	18	8	-51	-14	-51	5	-12	cell = 952 to 959
2	-36	2	-11	-28	-34	-34	-30	cell = 960 to 967
12	-11	-31	-13	-10	-19	5	-13	cell = 968 to 975
-21	-16	-41	-23	-6	-44	-10	-43	cell = 976 to 983
1	-45	-32	4	-9	-51	-35	-7	cell = 984 to 991
-46	-53	16	6	-15	17	-52	-24	cell = 992 to 999
-11	-15	-26	7	-29	-10	-24	-17	cell = 1000 to 1007
19	-6	-12	-44	-25	-13	-43	-20	cell = 1008 to 1015
23	12	-20	-16	-45	-35	-7	-35	cell = 1016 to 1023
Calibration values from cell 0 to 1024 for channel 7:

54	-8	52	3	11	-43	25	8	cell = 0 to 7
48	19	27	-25	29	7	11	20	cell = 8 to 15
37	-9	33	-26	37	-20	44	27	cell = 16 to 23
26	-6	27	-38	109	-12	74	-16	cell = 24 to 31
22	-3	38	-18	55	8	89	-10	cell = 32 to 39
58	4	53	-33	48	0	53	13	cell = 40 to 47
31	-34	40	2	79	-20	25	-30	cell = 48 to 55
50	-30	37	-11	37	8	51	8	cell = 56 to 63
29	31	45	-38	55	1	-3	-32	cell = 64 to 71
19	-25	73	-37	22	4	12	-21	cell = 72 to 79
38	-64	42	-6	40	-8	47	-15	cell = 80 to 87
17	-27	52	-4	51	-16	39	-23	cell = 88 to 95
68	-24	43	16	53	4	58	12	cell = 96 to 103
39	-10	34	32	87	-17	-11	-14	cell = 104 to 111
43	16	61	-41	35	29	26	-15	cell = 112 to 119
64	-9	68	10	14	-19	73	-37	cell = 120 to 127
26	-25	50	25	50	28	58	1	cell = 128 to 135
16	-9	74	-25	28	4	68	-25	cell = 136 to 143
33	-36	39	-8	4	-12	22	-31	cell = 144 to 151
73	-8	48	15	22	3	40	-3	cell = 152 to 159
74	-17	71	-40	39	24	18	-13	cell = 160 to 167
20	-15	87	-59	48	4	73	21	cell = 168 to 175
27	-47	3	7	47	-13	79	-26	cell = 176 to 183
19	-5	68	4	5	2	13	-13	cell = 184 to 191
43	-28	79	-45	9	-22	69	-4	cell = 192 to 199
52	-20	64	8	4	7	49	-5	cell = 200 to 207
58	7	50	-35	19	6	59	2	cell = 208 to 215
55	-56	44	-37	42	-10	47	-11	cell = 216 to 223
3	-4	27	-32	53	0	31	-32	cell = 224 to 231
54	-2	4	-8	65	-1	10	-4	cell = 232 to 239
61	6	14	10	23	-2	43	-22	cell = 240 to 247
9	-62	56	22	52	-35	46	-7	cell = 248 to 255
45	2	50	1	28	-3	22	14	cell = 256 to 263
47	-18	54	-12	56	13	43	-8	cell = 264 to 271
75	7	22	-2	49	-13	55	20	cell = 272 to 279
53	-23	44	0	1	5	50	-4	cell = 280 to 287
17	10	98	-19	13	-35	54	5	cell = 288 to 295
46	-15	83	-8	29	-5	15	-13	cell = 296 to 303
36	21	89	7	27	-10	47	-38	cell = 304 to 311
47	-17	32	23	58	-34	42	-36	cell = 312 to 319
36	-20	40	-9	44	8	31	-5	cell = 320 to 327
47	18	52	-44	20	20	51	36	cell = 328 to 335
44	-10	52	-10	55	-10	59	22	cell = 336 to 343
50	9	64	-9	52	64	58	38	cell = 344 to 351
56	-42	37	4	39	-21	7	-38	cell = 352 to 359
31	28	42	-10	17	-6	46	-22	cell = 360 to 367
33	-40	33	-2	57	8	23	-33	cell = 368 to 375
20	23	47	-13	46	8	56	-29	cell = 376 to 383
-1	-17	70	-43	44	-51	57	-5	cell = 384 to 391
62	14	25	32	20	-13	11	-16	cell = 392 to 399
47	-15	63	13	48	-5	66	-36	cell = 400 to 407
81	-12	50	-26	92	5	49	-16	cell = 408 to 415
15	9	36	-3	78	-40	80	-45	cell = 416 to 423
24	-42	70	-11	61	19	71	4	cell = 424 to 431
48	-20	71	12	88	9	70	6	cell = 432 to 439
37	0	14	-3	28	-19	31	-2	cell = 440 to 447
15	36	48	-27	58	22	78	-27	cell = 448 to 455
8	-15	49	-30	10	-14	41	-47	cell = 456 to 463
56	-25	36	-22	65	-17	31	-8	cell = 464 to 471
16	61	39	-8	37	-5	34	-17	cell = 472 to 479
49	-4	47	-2	51	-18	47	-20	cell = 480 to 487
7	-39	59	-56	36	-31	54	-26	cell = 488 to 495
44	9	-29	-95	-23	-70	-15	-114	cell = 496 to 503
49	-2	75	-9	42	-52	45	9	cell = 504 to 511
-15	-16	-20	7	0	17	-26	-14	cell = 512 to 519
-3	-38	-49	-42	-23	-16	-14	9	cell = 520 to 527
-23	-32	8	-13	-27	-40	-19	-27	cell = 528 to 535
-21	-14	-19	-15	6	3	-11	17	cell = 536 to 543
5	-28	-48	-7	-9	-48	-7	-39	cell = 544 to 551
-47	-3	-40	-36	7	-7	6	-24	cell = 552 to 559
-10	-34	-11	15	7	-48	-28	-8	cell = 560 to 567
-31	-15	-19	-15	0	-47	-56	-20	cell = 568 to 575
-34	5	4	-32	-14	6	-24	-39	cell = 576 to 583
9	-15	-16	-20	-16	-42	-20	-10	cell = 584 to 591
0	2	-35	-24	-18	3	-10	8	cell = 592 to 599
-29	-6	-1	5	19	-52	-2	1	cell = 600 to 607
-10	-39	-9	-14	-20	28	-8	-2	cell = 608 to 615
9	-16	-15	17	-51	-5	28	-15	cell = 616 to 623
-5	-21	-56	-8	3	24	-26	-19	cell = 624 to 631
-21	-28	-39	10	22	-32	-12	-5	cell = 632 to 639
-35	-6	-4	-40	-26	-51	-10	-37	cell = 640 to 647
5	-91	2	-50	-32	-13	-16	-44	cell = 648 to 655
-30	-10	-5	11	7	-30	-18	-30	cell = 656 to 663
-26	-40	-3	-7	36	-8	4	-22	cell = 664 to 671
-19	-12	-41	-5	26	-21	-58	-25	cell = 672 to 679
6	-36	-54	11	30	-48	26	1	cell = 680 to 687
11	-26	-26	-18	-31	-3	-8	-61	cell = 688 to 695
-14	-41	-30	5	-14	-64	-66	-37	cell = 696 to 703
16	5	-32	-5	-29	-18	9	-8	cell = 704 to 711
-43	-53	-47	-27	-31	-1	-22	7	cell = 712 to 719
9	-14	-26	-21	-24	24	-22	-60	cell = 720 to 727
-39	-42	22	-25	13	7	-29	-46	cell = 728 to 735
7	6	-30	-44	-16	0	-1	-44	cell = 736 to 743
-23	20	-4	-12	-19	-24	-3	-30	cell = 744 to 751
-1	-3	50	-33	4	-64	4	6	cell = 752 to 759
-41	-16	-15	7	-27	-48	17	-26	cell = 760 to 767
-25	-12	-37	-29	-23	0	-18	-12	cell = 768 to 775
-20	-33	-33	5	-1	1	-41	-42	cell = 776 to 783
-8	-33	-19	0	-10	-8	11	11	cell = 784 to 791
-16	-19	43	27	-8	-45	1	-41	cell = 792 to 799
-19	-30	-15	-43	2	-16	20	1	cell = 800 to 807
-2	-3	10	-46	-15	32	-11	-7	cell = 808 to 815
-16	-18	-34	-20	-2	-13	-59	-9	cell = 816 to 823
-27	-50	-24	-21	-12	-9	-21	-25	cell = 824 to 831
-4	-40	-37	-14	-2	-37	-29	-8	cell = 832 to 839
-43	-51	5	-21	-44	-30	-5	-26	cell = 840 to 847
-39	-8	31	-20	-8	-22	-20	4	cell = 848 to 855
6	-36	-13	18	8	-3	-8	-2	cell = 856 to 863
-24	-22	-21	-17	-21	-9	-24	-29	cell = 864 to 871
-27	-19	-30	-57	-42	-40	-4	-20	cell = 872 to 879
-5	-64	10	23	-9	-45	-40	-27	cell = 880 to 887
-20	-37	-44	-24	-24	-8	-7	-15	cell = 888 to 895
-20	-42	-56	-3	3	0	-4	11	cell = 896 to 903
-17	-27	-34	-20	10	-39	26	-37	cell = 904 to 911
10	-3	-21	41	-17	-20	-35	-39	cell = 912 to 919
6	-9	14	-44	-41	-51	-17	-39	cell = 920 to 927
-24	-26	-11	20	-32	-23	3	25	cell = 928 to 935
-53	-50	-4	2	-52	-26	-50	-6	cell = 936 to 943
2	1	7	2	-31	-3	-44	-45	cell = 944 to 951
-43	-24	-33	-10	-17	-26	-44	17	cell = 952 to 959
-20	-4	-18	-11	-28	-9	-55	34	cell = 960 to 967
-9	-33	-1	-25	19	-4	-9	-58	cell = 968 to 975
8	-28	-45	0	18	7	-15	-20	cell = 976 to 983
15	-4	-42	1	-48	-15	-3	-43	cell = 984 to 991
-19	-17	19	4	21	-19	51	-56	cell = 992 to 999
-26	-9	7	-18	-28	-38	38	-31	cell = 1000 to 1007
-27	-43	-12	-21	-42	-50	-36	-62	cell = 1008 to 1015
-18	-44	-17	-10	-13	-18	1	-38	cell = 1016 to 1023
Calibration values from cell 0 to 1024 for channel 8:

59	-26	56	-3	37	-21	28	-16	cell = 0 to 7
9	-7	75	18	35	-10	23	-29	cell = 8 to 15
4	11	44	35	71	24	84	-27	cell = 16 to 23
-8	-23	19	0	38	-29	51	38	cell = 24 to 31
52	14	35	7	28	15	73	-17	cell = 32 to 39
90	-40	69	8	14	12	42	-37	cell = 40 to 47
69	-18	43	-1	47	-33	29	-14	cell = 48 to 55
36	0	99	2	24	-17	54	-16	cell = 56 to 63
14	-35	61	1	44	-19	52	-13	cell = 64 to 71
51	25	49	-16	28	-23	70	10	cell = 72 to 79
63	35	53	16	56	24	78	14	cell = 80 to 87
63	10	82	-48	56	-12	56	-21	cell = 88 to 95
36	14	30	45	16	-28	2	0	cell = 96 to 103
16	5	36	-11	17	-10	33	-12	cell = 104 to 111
76	13	52	-9	41	-9	58	-14	cell = 112 to 119
83	8	76	-15	36	29	52	-20	cell = 120 to 127
48	-10	55	0	11	-21	34	12	cell = 128 to 135
53	-69	4	-7	50	22	24	26	cell = 136 to 143
34	-7	42	-39	61	18	-8	9	cell = 144 to 151
54	13	70	-21	22	-10	22	-33	cell = 152 to 159
69	-8	51	-31	36	2	12	16	cell = 160 to 167
44	6	43	-17	41	-14	3	13	cell = 168 to 175
30	-23	90	-15	60	-23	71	-6	cell = 176 to 183
47	11	14	29	72	-29	39	-18	cell = 184 to 191
23	-9	12	-30	20	-3	39	-11	cell = 192 to 199
2	-28	33	5	8	7	44	-9	cell = 200 to 207
14	23	84	-13	20	2	42	-2	cell = 208 to 215
73	-32	94	11	78	-33	17	-21	cell = 216 to 223
34	10	90	-38	53	0	37	10	cell = 224 to 231
50	-13	51	-35	45	-9	54	-25	cell = 232 to 239
41	13	47	40	62	-24	46	-32	cell = 240 to 247
15	-19	34	41	95	10	13	-31	cell = 248 to 255
17	1	45	-29	30	27	41	2	cell = 256 to 263
34	24	9	-20	45	-43	65	28	cell = 264 to 271
38	-21	58	21	27	-10	51	9	cell = 272 to 279
37	2	61	12	13	12	61	-29	cell = 280 to 287
22	25	61	-9	34	-3	81	-26	cell = 288 to 295
48	37	65	-17	40	1	35	-51	cell = 296 to 303
29	18	79	-13	49	25	47	40	cell = 304 to 311
28	-24	43	-27	73	-21	18	-12	cell = 312 to 319
46	24	67	-11	47	35	29	-37	cell = 320 to 327
64	35	45	-35	70	-16	57	6	cell = 328 to 335
62	-11	44	-36	43	29	24	46	cell = 336 to 343
73	-31	41	2	32	-3	4	-2	cell = 344 to 351
37	-12	67	-18	49	-7	32	6	cell = 352 to 359
16	14	8	-40	16	-26	20	-5	cell = 360 to 367
29	-8	36	1	36	4	70	-29	cell = 368 to 375
77	-7	57	-1	57	18	68	-8	cell = 376 to 383
46	20	64	-21	2	-10	-8	16	cell = 384 to 391
49	4	31	-41	9	37	55	-22	cell = 392 to 399
23	-25	70	15	65	2	53	15	cell = 400 to 407
26	11	15	-17	34	-10	55	-18	cell = 408 to 415
23	-32	46	7	29	8	48	1	cell = 416 to 423
49	7	26	-42	54	23	30	38	cell = 424 to 431
23	28	34	20	67	-3	37	4	cell = 432 to 439
47	61	22	5	52	8	61	-34	cell = 440 to 447
43	-30	28	22	-5	-9	50	30	cell = 448 to 455
20	8	30	-37	13	3	62	-17	cell = 456 to 463
32	14	55	11	18	7	7	2	cell = 464 to 471
11	7	38	17	64	29	40	-2	cell = 472 to 479
12	-18	62	-23	50	21	68	-8	cell = 480 to 487
81	-10	43	1	25	-6	59	15	cell = 488 to 495
51	-23	-61	-48	-26	-91	28	-80	cell = 496 to 503
55	38	69	9	23	-16	63	-5	cell = 504 to 511
-34	-37	-68	-18	-17	-27	-41	0	cell = 512 to 519
-42	-23	-66	-55	-36	6	2	-32	cell = 520 to 527
1	11	0	-25	-55	-46	-59	-39	cell = 528 to 535
5	11	-28	31	-14	39	-29	-11	cell = 536 to 543
30	-10	-9	-21	19	4	-44	35	cell = 544 to 551
-33	-28	-3	-11	-45	-31	-39	-13	cell = 552 to 559
-3	-12	-16	9	-30	-82	-8	12	cell = 560 to 567
20	5	-27	5	-8	-45	-66	-7	cell = 568 to 575
-35	-32	-40	-41	-20	-40	-58	-33	cell = 576 to 583
-21	-19	-9	-17	-7	-39	-1	-30	cell = 584 to 591
-28	-17	-16	-38	1	27	-10	-16	cell = 592 to 599
7	-5	-3	-24	37	-30	15	-44	cell = 600 to 607
-73	-15	-22	-53	-3	0	-48	-23	cell = 608 to 615
-23	-45	-28	-6	14	-38	-32	19	cell = 616 to 623
-31	-22	-25	-22	-6	-1	-10	17	cell = 624 to 631
-7	3	-19	2	-53	-51	-33	4	cell = 632 to 639
-12	-44	-52	5	-9	-41	-11	8	cell = 640 to 647
-29	-38	22	-15	-6	16	-35	-27	cell = 648 to 655
23	-23	36	-39	23	-18	-34	-12	cell = 656 to 663
-33	-52	-36	-51	-47	-9	5	-10	cell = 664 to 671
6	4	-33	-23	20	-26	-23	-12	cell = 672 to 679
-56	-18	7	-9	-12	-45	-56	6	cell = 680 to 687
-27	8	-9	-17	-19	-9	-31	-11	cell = 688 to 695
-19	-17	-16	-19	-22	-46	-30	-3	cell = 696 to 703
-21	-24	-32	-9	-42	-32	1	-23	cell = 704 to 711
-19	-27	-37	22	-31	-65	-35	-4	cell = 712 to 719
-27	17	-50	-29	-23	19	-4	-44	cell = 720 to 727
-35	-16	10	11	25	-61	-35	15	cell = 728 to 735
-33	-5	-24	-2	-46	-27	19	14	cell = 736 to 743
-4	4	-6	-22	-67	-10	-82	-43	cell = 744 to 751
-24	-29	-46	-4	-17	-13	-59	3	cell = 752 to 759
-43	6	-60	-10	-50	-24	-28	12	cell = 760 to 767
-67	3	-52	-45	-20	-56	-35	14	cell = 768 to 775
4	-21	-61	-41	-44	37	9	-54	cell = 776 to 783
-14	-14	-25	-10	-64	-24	-29	8	cell = 784 to 791
-37	-22	-20	-18	24	-47	1	8	cell = 792 to 799
16	-14	17	-10	-9	-12	-30	-28	cell = 800 to 807
-21	-33	-48	0	-9	-13	-43	-38	cell = 808 to 815
-45	-66	-19	-22	-22	-10	-26	-7	cell = 816 to 823
-8	-16	-14	-11	1	6	-59	-52	cell = 824 to 831
-20	-47	6	4	-24	-35	-25	7	cell = 832 to 839
-24	-22	-10	-17	-12	-5	-11	-7	cell = 840 to 847
7	-26	-10	-28	-36	-21	-28	-25	cell = 848 to 855
-13	-31	13	-3	-57	-37	30	13	cell = 856 to 863
-48	-35	-28	-26	-12	-27	-8	-23	cell = 864 to 871
42	-35	-71	-21	-49	0	-19	2	cell = 872 to 879
-7	2	-12	-48	32	-2	11	11	cell = 880 to 887
-10	-53	-37	-25	-1	-37	1	25	cell = 888 to 895
-26	-22	-28	33	-40	-13	-23	-42	cell = 896 to 903
-30	-27	-36	-17	-38	-3	-35	-50	cell = 904 to 911
30	-35	-36	-38	20	-14	-21	-14	cell = 912 to 919
29	-55	-25	33	-30	-33	-34	-22	cell = 920 to 927
-24	15	-18	1	-44	-15	-60	8	cell = 928 to 935
-12	-1	-42	-15	-17	15	-10	-66	cell = 936 to 943
-17	0	-31	-1	-46	-24	-49	-28	cell = 944 to 951
-12	-22	-35	-37	-20	-13	-8	-5	cell = 952 to 959
4	-22	-39	-20	-35	7	-23	-33	cell = 960 to 967
0	-12	-28	-29	-26	17	-16	-29	cell = 968 to 975
-38	0	-23	-32	1	-48	-52	-25	cell = 976 to 983
-8	-30	-35	41	-19	-5	-28	-2	cell = 984 to 991
-43	-6	8	14	-33	-39	-16	10	cell = 992 to 999
-42	-38	-21	24	-44	17	-35	-2	cell = 1000 to 1007
-53	-37	-82	-54	-45	-24	-13	26	cell = 1008 to 1015
0	-10	-51	-31	-41	-20	-13	-19	cell = 1016 to 1023
