Calibration values from cell 0 to 1024 for channel 0:

69	-6	34	-32	0	6	42	-52	cell = 0 to 7
56	-16	46	17	54	-21	55	-7	cell = 8 to 15
56	-31	54	-8	22	-12	75	-12	cell = 16 to 23
49	41	84	-2	31	7	17	20	cell = 24 to 31
59	-11	43	3	63	-2	80	-53	cell = 32 to 39
38	4	-11	5	48	-29	35	15	cell = 40 to 47
39	-7	-5	-46	18	-30	31	-12	cell = 48 to 55
76	23	72	-66	8	-19	41	-47	cell = 56 to 63
50	-9	24	3	16	-15	12	-3	cell = 64 to 71
47	-11	55	1	16	-30	68	30	cell = 72 to 79
35	19	19	-19	2	-37	35	23	cell = 80 to 87
68	0	29	-42	29	-20	24	-12	cell = 88 to 95
51	34	53	-38	41	-9	18	4	cell = 96 to 103
22	-45	32	-43	34	11	38	15	cell = 104 to 111
27	19	-4	5	27	11	44	-15	cell = 112 to 119
63	16	32	29	60	32	23	-17	cell = 120 to 127
28	31	20	-37	9	-19	11	2	cell = 128 to 135
37	-21	54	23	14	-37	69	-70	cell = 136 to 143
58	-23	29	58	50	-22	39	18	cell = 144 to 151
38	-8	58	12	29	19	79	-32	cell = 152 to 159
58	19	82	9	12	31	48	-13	cell = 160 to 167
65	-24	10	-14	57	3	24	6	cell = 168 to 175
40	-30	45	-41	-3	-17	67	27	cell = 176 to 183
42	-16	15	-26	40	-44	23	-37	cell = 184 to 191
2	-13	54	-28	52	26	51	20	cell = 192 to 199
64	-10	-4	-32	10	-12	53	5	cell = 200 to 207
25	5	58	-17	51	-47	6	-20	cell = 208 to 215
68	12	40	1	26	27	46	-7	cell = 216 to 223
5	16	79	-2	38	-22	45	-15	cell = 224 to 231
22	34	50	-38	42	-23	59	36	cell = 232 to 239
24	-10	48	-8	48	13	72	29	cell = 240 to 247
68	-22	49	-8	34	45	72	11	cell = 248 to 255
74	-20	30	-22	58	-10	-1	45	cell = 256 to 263
49	24	46	1	30	-40	49	-9	cell = 264 to 271
20	-19	12	-9	38	-17	54	-26	cell = 272 to 279
31	-12	31	26	62	-29	-6	5	cell = 280 to 287
24	-7	43	19	55	-2	25	-7	cell = 288 to 295
32	-49	49	-10	21	-31	34	40	cell = 296 to 303
51	18	62	5	15	0	19	12	cell = 304 to 311
67	-12	43	35	62	-8	34	16	cell = 312 to 319
74	-3	16	3	33	36	41	-29	cell = 320 to 327
56	28	39	5	48	-38	33	-40	cell = 328 to 335
51	-8	126	-7	22	9	31	-42	cell = 336 to 343
64	-26	87	25	70	-21	40	-18	cell = 344 to 351
65	45	42	-10	36	-17	19	3	cell = 352 to 359
27	40	34	5	55	-61	55	15	cell = 360 to 367
45	8	56	-8	51	4	-17	-15	cell = 368 to 375
39	24	55	-36	26	-13	23	-43	cell = 376 to 383
53	-7	35	34	38	-37	33	6	cell = 384 to 391
58	-33	30	-7	53	-20	44	3	cell = 392 to 399
58	-5	22	-17	28	-3	107	-19	cell = 400 to 407
97	-2	33	16	47	11	67	-16	cell = 408 to 415
69	48	45	17	17	-15	14	13	cell = 416 to 423
81	-45	51	12	35	-7	18	-5	cell = 424 to 431
28	-46	27	28	71	4	29	4	cell = 432 to 439
44	-19	62	37	49	-29	48	19	cell = 440 to 447
63	-12	64	4	70	28	43	19	cell = 448 to 455
13	-45	70	-6	44	-9	15	-34	cell = 456 to 463
-29	-7	61	15	54	7	34	-14	cell = 464 to 471
36	-39	42	15	93	-18	38	-19	cell = 472 to 479
23	22	87	-23	37	1	19	27	cell = 480 to 487
30	26	40	-12	57	-58	48	-1	cell = 488 to 495
26	-1	-29	-61	-61	-78	19	-71	cell = 496 to 503
49	29	32	5	37	17	-3	5	cell = 504 to 511
-20	6	-16	-32	-43	-38	-19	-2	cell = 512 to 519
-21	-5	-25	-17	-8	11	21	-69	cell = 520 to 527
-19	-11	-1	11	11	10	27	2	cell = 528 to 535
18	-59	6	6	-51	2	-37	-37	cell = 536 to 543
-38	-9	-53	-20	-29	15	-15	-28	cell = 544 to 551
-34	-5	-60	4	9	-33	-5	8	cell = 552 to 559
-42	-33	-9	-21	-15	8	-38	-36	cell = 560 to 567
8	-5	-21	-22	-13	-36	-25	-4	cell = 568 to 575
-23	-15	-17	-30	-1	-23	-23	-14	cell = 576 to 583
-30	-39	-6	-20	-55	-39	-35	-29	cell = 584 to 591
-27	-19	-17	-2	-31	-7	-21	-38	cell = 592 to 599
-28	-2	-20	-14	7	-43	23	-41	cell = 600 to 607
-28	-23	-15	-1	-3	13	21	1	cell = 608 to 615
28	-61	-31	-26	-28	-29	-39	3	cell = 616 to 623
-5	-43	6	1	-7	-18	27	-12	cell = 624 to 631
-21	12	12	-62	19	-25	-2	-16	cell = 632 to 639
-43	-27	-34	-29	28	-27	-23	-55	cell = 640 to 647
-32	-1	-20	3	0	-30	-31	-10	cell = 648 to 655
-23	-15	-36	-37	-25	-42	-31	-2	cell = 656 to 663
8	-20	-14	-16	0	-7	-17	4	cell = 664 to 671
-6	-9	-20	-30	-14	-25	-21	-12	cell = 672 to 679
-32	3	-9	1	-7	-41	0	-77	cell = 680 to 687
-42	13	-11	-24	-9	-19	-55	-17	cell = 688 to 695
4	0	11	-11	-18	-25	-3	5	cell = 696 to 703
-10	-5	-22	30	26	-7	-11	-76	cell = 704 to 711
-27	-27	4	-34	4	-38	-6	-28	cell = 712 to 719
-21	20	-55	-5	-18	-4	-33	7	cell = 720 to 727
-10	6	15	-2	0	-15	0	-11	cell = 728 to 735
-12	-5	-30	-2	-12	24	7	-8	cell = 736 to 743
-7	-48	11	-43	-12	12	-5	-3	cell = 744 to 751
-38	-33	-34	-49	-1	-22	3	-2	cell = 752 to 759
-27	-9	-11	34	-20	-5	-16	-14	cell = 760 to 767
3	17	-11	-31	-32	-9	-31	-46	cell = 768 to 775
-43	-60	3	-9	-19	-45	-14	-8	cell = 776 to 783
-29	-24	-45	-14	-13	-7	-26	-14	cell = 784 to 791
-11	-27	7	-19	-10	-41	-41	-25	cell = 792 to 799
-20	-33	-20	15	-34	2	-40	8	cell = 800 to 807
-28	-25	-42	-38	20	44	-24	-27	cell = 808 to 815
24	-9	-20	1	-2	1	21	-42	cell = 816 to 823
-27	-34	-7	-25	3	-51	-66	-20	cell = 824 to 831
-48	-39	-39	-47	-32	-55	-42	-31	cell = 832 to 839
0	-9	-28	-34	-38	-21	-53	-33	cell = 840 to 847
-31	24	-1	-5	-28	0	-6	-14	cell = 848 to 855
-34	0	-30	-16	-25	-55	-16	-3	cell = 856 to 863
-31	-37	-27	-7	-29	-6	1	-62	cell = 864 to 871
-23	-3	10	-32	-78	-45	-19	-34	cell = 872 to 879
-19	4	-10	-39	-26	-29	-42	-25	cell = 880 to 887
-9	22	-49	-23	-30	-40	-16	-38	cell = 888 to 895
-14	26	3	34	-39	-64	-1	-11	cell = 896 to 903
-26	0	-30	-27	7	-38	-18	-44	cell = 904 to 911
-6	12	-3	-17	-7	-34	-46	0	cell = 912 to 919
-22	-11	-37	6	0	-34	-11	-64	cell = 920 to 927
-27	14	32	-14	-27	-18	-18	3	cell = 928 to 935
-28	-24	16	-30	2	-33	-15	-12	cell = 936 to 943
-53	-23	8	-48	-38	-17	-28	-13	cell = 944 to 951
-27	-11	7	0	-45	37	22	2	cell = 952 to 959
-4	-16	-68	-24	-16	-14	-9	-25	cell = 960 to 967
-45	-18	3	4	-30	-52	11	-19	cell = 968 to 975
5	-16	-20	-55	5	-16	-47	-24	cell = 976 to 983
-4	-19	-4	24	-31	21	0	-36	cell = 984 to 991
13	-27	-65	-16	-42	-18	-63	-79	cell = 992 to 999
-54	-20	-18	-34	-43	33	-33	4	cell = 1000 to 1007
-32	17	5	-36	-16	-16	-39	-40	cell = 1008 to 1015
-35	-27	-24	-30	-36	-24	3	-29	cell = 1016 to 1023
Calibration values from cell 0 to 1024 for channel 1:

19	-18	10	6	73	24	-2	1	cell = 0 to 7
19	9	44	-4	28	-3	38	-15	cell = 8 to 15
45	-34	22	25	69	-21	5	-10	cell = 16 to 23
20	-41	14	-9	68	5	26	5	cell = 24 to 31
30	35	70	11	15	9	-17	-4	cell = 32 to 39
61	16	30	23	10	-9	46	-40	cell = 40 to 47
50	-40	42	-14	-9	16	68	8	cell = 48 to 55
62	14	10	9	7	-10	13	-2	cell = 56 to 63
46	10	52	-39	28	-9	56	-53	cell = 64 to 71
67	-31	32	-40	58	-23	36	8	cell = 72 to 79
46	-44	15	14	103	-5	89	-25	cell = 80 to 87
58	-9	31	-3	-39	23	26	25	cell = 88 to 95
24	31	17	0	37	-17	37	-9	cell = 96 to 103
93	-16	41	20	24	-13	59	17	cell = 104 to 111
56	-34	44	11	71	4	45	17	cell = 112 to 119
24	10	59	-9	58	-1	71	-10	cell = 120 to 127
41	-10	20	-26	48	-44	51	-21	cell = 128 to 135
75	-6	78	14	7	9	13	2	cell = 136 to 143
47	-17	41	-25	46	-24	28	-39	cell = 144 to 151
50	-31	9	-10	33	17	21	11	cell = 152 to 159
56	-1	21	6	51	5	60	-9	cell = 160 to 167
74	6	30	-5	54	-28	48	-22	cell = 168 to 175
24	14	29	16	74	9	36	17	cell = 176 to 183
29	-29	42	7	26	6	37	10	cell = 184 to 191
63	15	35	-45	41	-9	13	-25	cell = 192 to 199
33	-11	57	-35	14	-3	0	-35	cell = 200 to 207
45	-41	23	17	73	-18	21	23	cell = 208 to 215
68	7	36	-19	0	-32	66	-31	cell = 216 to 223
17	11	39	20	18	-7	63	-6	cell = 224 to 231
41	-45	18	8	91	-25	35	-17	cell = 232 to 239
8	2	17	-13	44	-16	25	-10	cell = 240 to 247
15	4	42	-10	86	-39	38	-49	cell = 248 to 255
68	15	41	13	51	-15	22	-3	cell = 256 to 263
14	-41	4	-12	53	-8	23	-17	cell = 264 to 271
55	-50	3	-10	49	-3	48	2	cell = 272 to 279
50	25	17	23	49	-4	77	4	cell = 280 to 287
95	4	-3	-27	42	-28	46	29	cell = 288 to 295
47	-6	69	-12	101	3	5	-12	cell = 296 to 303
26	-30	69	-23	65	-13	24	-9	cell = 304 to 311
63	-25	30	38	33	17	21	-58	cell = 312 to 319
46	-10	6	-8	83	23	40	-9	cell = 320 to 327
43	-26	43	12	37	-41	25	1	cell = 328 to 335
16	-20	57	-17	8	42	68	1	cell = 336 to 343
14	-36	57	8	23	-64	49	-7	cell = 344 to 351
56	13	71	-15	59	-22	50	13	cell = 352 to 359
14	20	43	-19	63	29	20	-63	cell = 360 to 367
56	-29	58	-3	54	1	55	-16	cell = 368 to 375
7	-25	50	3	18	20	31	-5	cell = 376 to 383
75	-35	21	54	30	10	58	7	cell = 384 to 391
60	-8	44	-22	5	-7	82	18	cell = 392 to 399
56	38	26	32	27	-10	44	-4	cell = 400 to 407
42	-35	31	-17	66	7	20	40	cell = 408 to 415
24	-55	62	-34	42	28	30	-46	cell = 416 to 423
61	6	40	-3	62	-16	44	8	cell = 424 to 431
26	-29	77	4	48	-14	71	-6	cell = 432 to 439
85	-12	48	10	37	-19	39	-41	cell = 440 to 447
84	-29	99	19	94	-11	75	6	cell = 448 to 455
38	0	60	-3	44	-42	54	-46	cell = 456 to 463
69	-42	75	-53	34	2	21	18	cell = 464 to 471
41	-38	19	0	60	-11	34	23	cell = 472 to 479
25	-42	53	-17	21	-23	30	-46	cell = 480 to 487
33	-20	34	8	64	-10	53	10	cell = 488 to 495
50	44	-35	-96	3	-46	18	-87	cell = 496 to 503
65	14	25	-5	42	-23	28	17	cell = 504 to 511
4	-32	-47	36	-8	-14	-8	-12	cell = 512 to 519
5	-9	-55	9	-12	-11	7	-10	cell = 520 to 527
-28	-28	-28	2	-26	-31	-41	-10	cell = 528 to 535
16	-39	10	6	10	-48	-9	8	cell = 536 to 543
-26	20	-6	-46	6	-35	-5	13	cell = 544 to 551
-17	-29	4	3	-9	-33	-19	-49	cell = 552 to 559
-2	-19	2	-9	-41	-15	-55	11	cell = 560 to 567
12	-14	-53	-17	-5	-14	8	5	cell = 568 to 575
-31	-17	-27	-31	-71	15	5	-23	cell = 576 to 583
18	-8	-41	-9	9	0	-35	-39	cell = 584 to 591
-24	-46	15	-35	14	5	-8	-8	cell = 592 to 599
13	-28	-14	-13	-17	-30	22	-27	cell = 600 to 607
-65	-7	14	-20	4	-40	-23	-16	cell = 608 to 615
0	-8	28	-3	-54	18	-12	-25	cell = 616 to 623
-17	-6	28	-37	-24	-24	-6	-22	cell = 624 to 631
31	10	-18	-36	-17	-22	-32	-18	cell = 632 to 639
-49	-26	18	-37	-16	11	-42	-38	cell = 640 to 647
-57	10	-30	-55	-4	-28	-11	-46	cell = 648 to 655
-23	36	-25	-37	-12	-20	-23	12	cell = 656 to 663
-5	-11	-22	6	2	3	-3	12	cell = 664 to 671
6	-31	-19	-10	-36	0	-7	17	cell = 672 to 679
7	18	-8	-28	-19	-20	-18	-13	cell = 680 to 687
-16	2	5	-35	-36	-26	-6	-35	cell = 688 to 695
-27	-2	-32	-31	-32	24	11	-31	cell = 696 to 703
-17	-18	-16	10	-11	-42	-26	-26	cell = 704 to 711
7	-44	-23	-39	6	-31	-1	-6	cell = 712 to 719
-2	13	8	-42	-6	3	-1	-34	cell = 720 to 727
-48	32	-13	41	-5	-42	12	-24	cell = 728 to 735
13	24	-12	-17	14	-24	-26	-16	cell = 736 to 743
19	-5	6	12	12	19	-4	-10	cell = 744 to 751
-6	33	-14	2	-55	4	-24	1	cell = 752 to 759
-16	-24	-25	-20	-51	-41	-11	5	cell = 760 to 767
-64	-2	-15	-14	-68	-28	-27	-51	cell = 768 to 775
-7	-44	1	3	4	-42	3	-27	cell = 776 to 783
-21	2	-34	-15	-54	-7	8	-21	cell = 784 to 791
-12	3	-25	3	-30	16	10	-37	cell = 792 to 799
-18	-8	-15	9	-20	1	-1	-40	cell = 800 to 807
-5	-19	-31	4	-9	-3	-12	-6	cell = 808 to 815
-51	-39	2	6	-23	-21	-36	-9	cell = 816 to 823
-12	-54	2	-27	6	-41	-29	-16	cell = 824 to 831
-40	-51	-23	-54	-55	-34	-16	3	cell = 832 to 839
-75	22	-30	-48	-16	-68	-14	-31	cell = 840 to 847
21	-26	-31	0	-9	-28	-8	-40	cell = 848 to 855
-1	-2	-22	-27	-24	4	-8	-47	cell = 856 to 863
-8	-14	-35	-8	-4	-18	-4	-14	cell = 864 to 871
8	-29	-13	-14	-13	-9	15	-4	cell = 872 to 879
14	0	-7	22	-16	-24	-61	-51	cell = 880 to 887
-31	-31	-16	-48	9	37	-12	9	cell = 888 to 895
-7	-19	-42	-13	-3	4	-50	-27	cell = 896 to 903
-4	-13	-20	-30	-29	-8	-52	4	cell = 904 to 911
-2	19	-12	-37	-17	-15	-47	-6	cell = 912 to 919
14	-39	-3	-32	-20	-2	-67	-46	cell = 920 to 927
-5	-22	-36	-9	-26	-33	11	1	cell = 928 to 935
18	-34	-23	-39	-60	3	-21	-28	cell = 936 to 943
-29	6	-51	-32	-58	-22	-34	-65	cell = 944 to 951
4	-5	-25	-47	-22	9	20	-73	cell = 952 to 959
-63	23	-2	-13	-25	-7	-17	8	cell = 960 to 967
-28	-24	-12	-40	-6	2	-31	-42	cell = 968 to 975
-6	-25	-11	-20	-38	-26	-19	-63	cell = 976 to 983
-17	-23	-34	-22	-43	-27	11	-59	cell = 984 to 991
24	-38	-16	-37	-24	-48	9	-21	cell = 992 to 999
-74	-33	-29	-4	-26	-35	-25	-37	cell = 1000 to 1007
-41	14	-29	-18	-45	-35	-69	-41	cell = 1008 to 1015
-21	-66	-29	-28	-50	-6	-4	-55	cell = 1016 to 1023
Calibration values from cell 0 to 1024 for channel 2:

16	-16	74	-4	31	-25	83	-7	cell = 0 to 7
6	-2	8	3	28	-33	42	-4	cell = 8 to 15
43	-5	35	-7	32	-13	15	-20	cell = 16 to 23
70	-41	-4	24	58	-16	36	-23	cell = 24 to 31
54	-34	88	15	23	-8	35	-14	cell = 32 to 39
17	7	6	-15	54	-30	33	18	cell = 40 to 47
70	22	63	20	26	-49	10	-43	cell = 48 to 55
51	-9	-17	-12	36	-11	40	0	cell = 56 to 63
56	-10	55	-36	43	-12	52	-31	cell = 64 to 71
29	-23	38	-38	37	11	55	-35	cell = 72 to 79
32	-17	61	-11	21	-4	42	-16	cell = 80 to 87
76	13	41	-24	59	28	37	-38	cell = 88 to 95
46	9	64	0	54	-5	40	14	cell = 96 to 103
83	-41	41	17	23	31	83	4	cell = 104 to 111
34	-8	17	-6	59	-7	44	-8	cell = 112 to 119
72	34	50	-18	9	-22	6	-32	cell = 120 to 127
45	-20	72	18	54	8	25	-9	cell = 128 to 135
86	24	80	-38	42	-5	44	-26	cell = 136 to 143
38	-24	21	-13	51	-49	39	28	cell = 144 to 151
46	22	65	-27	12	-15	53	10	cell = 152 to 159
44	28	50	-1	61	-46	40	15	cell = 160 to 167
29	-47	62	19	64	-19	56	-9	cell = 168 to 175
26	-11	42	-26	57	-19	35	-41	cell = 176 to 183
75	3	52	-30	-3	-39	26	-26	cell = 184 to 191
38	-14	3	4	62	2	-20	-15	cell = 192 to 199
48	27	31	-17	80	-28	-5	4	cell = 200 to 207
62	-21	90	-28	39	-32	0	-7	cell = 208 to 215
82	7	90	16	43	-21	44	4	cell = 216 to 223
45	-48	27	3	40	-9	19	-21	cell = 224 to 231
32	-12	41	-50	86	-51	50	-4	cell = 232 to 239
32	33	-7	-17	34	-16	56	4	cell = 240 to 247
59	-6	-3	-48	51	13	45	-8	cell = 248 to 255
37	-43	28	-36	67	-2	49	-11	cell = 256 to 263
63	-4	62	27	9	-37	57	-21	cell = 264 to 271
32	5	43	17	53	6	50	-13	cell = 272 to 279
73	-8	49	10	42	-35	41	13	cell = 280 to 287
70	-39	24	21	37	-3	35	40	cell = 288 to 295
25	-25	82	9	62	8	14	-10	cell = 296 to 303
35	-26	34	-26	58	-15	91	6	cell = 304 to 311
60	-11	27	-20	53	11	45	-36	cell = 312 to 319
79	-33	25	-2	50	-6	33	2	cell = 320 to 327
79	20	21	-2	64	-25	21	20	cell = 328 to 335
50	-36	69	-7	2	-32	39	10	cell = 336 to 343
71	13	60	45	74	-23	35	12	cell = 344 to 351
42	-12	26	3	91	-8	74	7	cell = 352 to 359
11	-18	42	18	41	-34	51	39	cell = 360 to 367
12	-11	61	-20	43	-9	26	3	cell = 368 to 375
0	17	92	-16	65	5	46	-15	cell = 376 to 383
-6	-22	41	-2	65	-7	88	-16	cell = 384 to 391
22	-3	67	-60	52	15	54	-7	cell = 392 to 399
44	-58	20	-1	66	-7	35	2	cell = 400 to 407
51	-70	63	4	8	-19	35	-15	cell = 408 to 415
29	-3	79	-16	71	-46	14	-2	cell = 416 to 423
30	2	50	-29	34	-21	45	-14	cell = 424 to 431
2	-2	77	46	34	24	54	10	cell = 432 to 439
78	-4	57	12	21	-7	16	-16	cell = 440 to 447
70	10	21	-17	59	-15	-4	4	cell = 448 to 455
33	11	24	-15	54	-2	15	41	cell = 456 to 463
55	-38	44	-24	70	17	-5	9	cell = 464 to 471
67	-6	37	-8	66	28	4	-22	cell = 472 to 479
38	4	68	-55	37	1	62	37	cell = 480 to 487
50	23	74	-48	81	-9	33	-22	cell = 488 to 495
50	-1	-54	-85	-62	-41	-10	-77	cell = 496 to 503
107	2	43	-43	57	3	18	26	cell = 504 to 511
-5	6	-9	18	15	-25	-15	2	cell = 512 to 519
-44	-46	-23	-41	-10	-7	22	4	cell = 520 to 527
9	-28	33	-23	-35	-21	-37	17	cell = 528 to 535
-14	-9	-9	-22	-7	10	14	-15	cell = 536 to 543
-46	8	-37	-42	-10	-7	-16	-10	cell = 544 to 551
-25	-4	-45	-47	18	11	-6	-5	cell = 552 to 559
-14	8	2	-32	-27	12	26	-45	cell = 560 to 567
-50	-20	8	1	-4	-23	-21	-54	cell = 568 to 575
-28	10	-7	7	-29	-18	-9	-2	cell = 576 to 583
-14	12	-35	25	-41	-31	-19	-4	cell = 584 to 591
-76	-51	-10	-67	-29	-5	-36	-43	cell = 592 to 599
-22	21	-23	19	-46	-27	6	-14	cell = 600 to 607
-10	-16	16	31	-46	6	-39	-15	cell = 608 to 615
-68	-41	3	-45	-55	-34	-35	-60	cell = 616 to 623
-12	7	-24	-37	-16	48	-19	14	cell = 624 to 631
-46	-1	-34	7	50	-32	2	-20	cell = 632 to 639
15	-19	-24	21	-43	-11	13	-37	cell = 640 to 647
-40	-34	-8	-23	-15	-10	20	-6	cell = 648 to 655
3	-12	0	19	39	24	19	-17	cell = 656 to 663
-25	-58	-60	-33	-21	-24	-67	5	cell = 664 to 671
-34	-23	-36	-42	0	-17	-9	-21	cell = 672 to 679
3	-20	-29	1	-7	-12	-31	-30	cell = 680 to 687
-56	0	-10	-13	-26	-39	-21	-9	cell = 688 to 695
-4	-3	-36	-28	-18	-30	-16	-29	cell = 696 to 703
-38	-22	21	-53	-17	-22	8	-22	cell = 704 to 711
5	-1	-16	-43	-32	-9	-38	-21	cell = 712 to 719
10	-38	-4	-40	-15	-14	-17	-15	cell = 720 to 727
-40	-46	15	-67	-30	38	-23	1	cell = 728 to 735
2	-9	0	-39	-61	13	-49	31	cell = 736 to 743
-24	-23	-36	-2	-23	-12	-2	-48	cell = 744 to 751
-20	-44	-43	-39	-39	-6	-4	4	cell = 752 to 759
-46	11	-6	16	-14	30	-48	-21	cell = 760 to 767
-51	-34	-28	-71	-50	-25	-33	-33	cell = 768 to 775
-23	6	-11	-30	-2	-49	25	-20	cell = 776 to 783
10	-43	-1	19	-34	4	7	-43	cell = 784 to 791
13	-34	-32	4	8	-24	-3	-25	cell = 792 to 799
-26	-27	-54	-14	-33	-24	0	-19	cell = 800 to 807
-4	-12	-63	-19	-36	-31	-6	3	cell = 808 to 815
10	-35	1	-5	-60	10	-59	-3	cell = 816 to 823
16	-2	-6	0	-38	18	-14	-40	cell = 824 to 831
-30	1	-20	10	-30	-1	-14	-6	cell = 832 to 839
28	-51	-16	-16	1	-7	-22	-80	cell = 840 to 847
-18	9	14	8	-24	18	-32	-15	cell = 848 to 855
-9	40	-25	-33	-22	-6	11	17	cell = 856 to 863
-6	0	25	-43	-28	-49	5	3	cell = 864 to 871
-17	-32	-42	-15	0	-23	2	-16	cell = 872 to 879
-28	-26	-60	-6	-19	-5	-17	-31	cell = 880 to 887
-31	-30	-5	-16	-29	-28	11	-16	cell = 888 to 895
-28	24	13	-21	13	-23	16	-60	cell = 896 to 903
-37	-32	-17	-71	35	7	6	-54	cell = 904 to 911
-55	-38	6	-5	-24	-17	-43	-20	cell = 912 to 919
6	-48	-15	-23	-9	-7	1	-20	cell = 920 to 927
-24	36	-2	19	-68	-20	-16	15	cell = 928 to 935
3	-14	-8	29	28	-62	-55	-22	cell = 936 to 943
0	13	-43	-38	-76	-20	-7	-49	cell = 944 to 951
-12	-36	-43	-3	-17	0	4	-77	cell = 952 to 959
-19	-47	-8	-46	-12	-9	-15	6	cell = 960 to 967
8	-24	16	-65	-45	6	-17	-6	cell = 968 to 975
-33	4	-44	-31	-27	-5	-40	3	cell = 976 to 983
-34	3	-48	-7	7	-18	-26	-12	cell = 984 to 991
-11	-20	-14	10	-34	-15	-28	-34	cell = 992 to 999
-25	21	-13	-50	-63	-15	-60	-31	cell = 1000 to 1007
-36	-4	-20	-29	-43	-31	-38	-59	cell = 1008 to 1015
-40	-25	-23	-21	-36	-30	9	-30	cell = 1016 to 1023
Calibration values from cell 0 to 1024 for channel 3:

53	-28	45	-9	44	-12	46	-1	cell = 0 to 7
38	8	58	20	1	-65	18	7	cell = 8 to 15
40	19	46	-60	16	-18	47	37	cell = 16 to 23
17	-37	20	6	46	-23	56	6	cell = 24 to 31
35	-14	69	-8	40	-11	43	-46	cell = 32 to 39
52	-28	50	17	16	7	48	-23	cell = 40 to 47
17	35	52	-27	85	-31	56	-13	cell = 48 to 55
49	7	63	-3	12	8	47	8	cell = 56 to 63
29	-34	27	-32	44	12	21	-2	cell = 64 to 71
46	7	44	-57	18	-22	11	-21	cell = 72 to 79
34	-32	22	-10	38	10	0	-5	cell = 80 to 87
6	-13	59	5	40	-20	36	-11	cell = 88 to 95
18	-25	26	-34	33	-22	43	-5	cell = 96 to 103
74	36	48	-13	40	-32	-4	6	cell = 104 to 111
44	6	39	2	82	-4	40	-32	cell = 112 to 119
21	-6	4	-13	60	15	39	-11	cell = 120 to 127
31	-23	67	32	45	-20	33	-65	cell = 128 to 135
79	-14	64	19	76	13	35	-11	cell = 136 to 143
71	-20	5	6	47	-39	51	-11	cell = 144 to 151
49	14	79	-27	70	10	47	12	cell = 152 to 159
59	-27	50	-55	0	-10	39	-9	cell = 160 to 167
11	44	79	1	18	20	-1	-54	cell = 168 to 175
87	5	61	4	12	12	81	5	cell = 176 to 183
27	14	54	-16	40	-3	54	-25	cell = 184 to 191
57	-31	88	2	11	-35	48	-7	cell = 192 to 199
21	-13	13	-16	48	-13	46	42	cell = 200 to 207
36	-12	27	19	84	5	45	-9	cell = 208 to 215
26	1	20	-20	50	3	23	22	cell = 216 to 223
41	-32	44	-2	101	-7	58	-12	cell = 224 to 231
39	9	19	-12	56	-23	41	-1	cell = 232 to 239
30	-14	71	-17	100	13	73	-4	cell = 240 to 247
55	-29	39	10	50	17	51	-12	cell = 248 to 255
38	1	41	-43	31	-15	44	-50	cell = 256 to 263
33	4	50	-29	82	-22	49	1	cell = 264 to 271
56	-13	4	-5	47	-30	17	-32	cell = 272 to 279
15	45	60	21	26	8	-3	-50	cell = 280 to 287
41	8	10	-31	98	28	18	26	cell = 288 to 295
32	-14	19	-8	15	22	51	-17	cell = 296 to 303
55	-46	47	-8	74	52	71	-22	cell = 304 to 311
59	5	46	-20	77	-6	55	4	cell = 312 to 319
-11	-27	55	2	33	-15	40	18	cell = 320 to 327
36	-26	44	-29	44	-6	52	-23	cell = 328 to 335
48	-18	63	-19	36	-50	88	-12	cell = 336 to 343
35	-33	48	4	44	18	78	-5	cell = 344 to 351
19	12	44	-57	46	-24	62	0	cell = 352 to 359
46	25	73	16	40	-21	66	12	cell = 360 to 367
88	12	71	-5	72	-4	65	-45	cell = 368 to 375
56	11	45	-15	7	-50	83	-18	cell = 376 to 383
74	-38	16	0	38	9	35	4	cell = 384 to 391
90	-6	55	14	76	-6	63	33	cell = 392 to 399
64	2	74	-6	44	23	57	21	cell = 400 to 407
4	11	41	-27	24	24	28	-23	cell = 408 to 415
70	1	25	27	38	-17	99	-40	cell = 416 to 423
43	22	55	11	75	-5	24	-1	cell = 424 to 431
85	2	46	0	37	-9	65	-51	cell = 432 to 439
72	4	17	-44	18	-43	7	35	cell = 440 to 447
64	-20	53	-13	91	-20	33	27	cell = 448 to 455
22	5	42	-26	43	52	50	-29	cell = 456 to 463
40	-5	71	4	-2	18	43	-40	cell = 464 to 471
72	-41	73	0	91	14	30	-1	cell = 472 to 479
24	29	47	-4	49	-11	50	-5	cell = 480 to 487
44	-26	16	28	26	-41	56	9	cell = 488 to 495
5	9	-36	-102	-29	-60	-33	-83	cell = 496 to 503
60	-31	60	24	58	43	62	-39	cell = 504 to 511
-40	28	-48	-49	-65	9	-6	-41	cell = 512 to 519
-35	-49	-14	-40	-26	-19	18	17	cell = 520 to 527
-5	-15	-28	-24	-5	-47	-27	-37	cell = 528 to 535
-59	-2	-17	-16	55	8	-20	-33	cell = 536 to 543
-48	16	-9	-40	-12	-6	-38	-29	cell = 544 to 551
-22	-21	-41	-56	-21	-30	-52	2	cell = 552 to 559
0	3	-33	8	6	-25	-5	-4	cell = 560 to 567
15	-21	-14	-6	10	-18	20	-28	cell = 568 to 575
-17	-53	-2	19	21	31	-36	-32	cell = 576 to 583
-40	3	-61	-26	-44	-38	-19	-21	cell = 584 to 591
-31	-24	24	-31	-50	-6	-16	46	cell = 592 to 599
16	12	31	-19	33	-21	-4	-34	cell = 600 to 607
-20	-39	24	2	-7	-41	11	-12	cell = 608 to 615
-43	1	-26	10	-63	-33	-9	-13	cell = 616 to 623
9	-26	-27	-34	3	-40	-16	-4	cell = 624 to 631
-13	23	-59	6	-64	-12	-60	-1	cell = 632 to 639
-7	-55	-6	-9	-39	-19	8	-34	cell = 640 to 647
12	-51	6	1	5	-39	-25	27	cell = 648 to 655
-31	-16	-32	-54	-7	-37	-10	-39	cell = 656 to 663
16	-13	-23	-53	-2	-40	4	-25	cell = 664 to 671
-17	-14	-38	-43	11	11	-5	-10	cell = 672 to 679
-28	3	10	-2	0	45	8	-27	cell = 680 to 687
28	4	-22	-26	-17	11	-54	-29	cell = 688 to 695
-48	-24	-42	3	-83	-32	-45	-30	cell = 696 to 703
-27	-9	-1	-37	12	-56	-44	-47	cell = 704 to 711
-10	4	-2	-31	-15	-32	-21	-68	cell = 712 to 719
-22	24	-15	-39	28	-50	-46	-23	cell = 720 to 727
-4	-35	-9	-46	3	24	-29	-26	cell = 728 to 735
-11	-8	13	-29	11	-4	0	-8	cell = 736 to 743
-45	12	-22	-53	23	-62	-5	-45	cell = 744 to 751
-38	-18	-19	12	-54	-5	-57	-37	cell = 752 to 759
-43	7	-20	-27	16	-19	-13	-39	cell = 760 to 767
-42	-5	16	-46	-16	-3	9	-43	cell = 768 to 775
0	-17	-25	47	18	-10	-8	-20	cell = 776 to 783
4	24	21	-14	23	9	23	-2	cell = 784 to 791
-40	-54	18	-14	15	0	-15	-7	cell = 792 to 799
-28	-54	-79	-18	-16	-2	2	-51	cell = 800 to 807
-2	-52	-40	-21	1	-19	-40	-17	cell = 808 to 815
-22	14	-15	-37	-45	-48	-28	-22	cell = 816 to 823
-45	7	-26	11	-28	-24	21	-11	cell = 824 to 831
-44	-39	-41	-26	-11	-30	-16	-19	cell = 832 to 839
-53	-14	-3	14	-7	-59	-21	-35	cell = 840 to 847
-59	-64	-34	-24	-27	-4	7	-1	cell = 848 to 855
-18	8	-45	-6	-2	-40	-21	-34	cell = 856 to 863
-16	-11	-25	-56	-30	-28	-4	-32	cell = 864 to 871
-6	-5	-53	-67	1	-21	-8	-18	cell = 872 to 879
-16	4	-29	-24	4	0	-13	-42	cell = 880 to 887
9	-29	-13	-83	20	-51	-33	-30	cell = 888 to 895
7	-43	-47	-39	-11	-40	-33	-25	cell = 896 to 903
-47	-5	-14	-14	-9	-1	17	-45	cell = 904 to 911
15	-42	-16	-10	-44	12	-5	-5	cell = 912 to 919
-37	-20	-32	1	8	-66	14	-27	cell = 920 to 927
-28	26	8	-18	7	-15	2	-42	cell = 928 to 935
-31	-30	12	-9	-56	-15	-25	-48	cell = 936 to 943
-42	18	-2	-70	-3	25	-18	8	cell = 944 to 951
18	-12	-46	-60	-43	-55	-42	-20	cell = 952 to 959
-20	-50	-70	-2	-30	8	-25	-36	cell = 960 to 967
-5	-34	-5	-4	-2	-3	22	16	cell = 968 to 975
-18	-8	-31	11	-17	-23	-36	14	cell = 976 to 983
-36	-24	-23	-5	-56	10	-10	-27	cell = 984 to 991
-62	-6	-40	-5	-5	-11	-38	-27	cell = 992 to 999
-15	-50	-63	2	-15	-31	8	-1	cell = 1000 to 1007
-34	-37	-37	-47	-44	-19	25	-45	cell = 1008 to 1015
4	-28	-17	-1	-22	-45	-26	-57	cell = 1016 to 1023
Calibration values from cell 0 to 1024 for channel 4:

16	-1	36	0	8	5	46	-19	cell = 0 to 7
72	1	38	-41	43	19	45	-10	cell = 8 to 15
60	-37	43	-7	49	3	49	-11	cell = 16 to 23
40	-43	62	-4	37	-20	63	-20	cell = 24 to 31
57	-37	17	24	35	22	31	-13	cell = 32 to 39
56	-44	10	-15	26	-46	13	17	cell = 40 to 47
48	-1	24	-28	49	0	44	12	cell = 48 to 55
60	-7	91	-34	56	-53	52	5	cell = 56 to 63
25	-16	40	-44	53	-29	1	21	cell = 64 to 71
90	-29	37	-7	49	-16	48	-50	cell = 72 to 79
45	-23	27	-15	52	-9	29	-6	cell = 80 to 87
55	-14	94	6	35	-54	26	28	cell = 88 to 95
71	-17	46	15	28	15	21	-9	cell = 96 to 103
46	5	23	-12	23	-3	47	-8	cell = 104 to 111
31	-17	26	-19	85	24	28	-37	cell = 112 to 119
31	-14	5	8	35	-2	6	-7	cell = 120 to 127
0	-8	36	-6	53	-23	71	-35	cell = 128 to 135
58	-25	39	37	44	-4	-4	-7	cell = 136 to 143
52	-19	20	-17	78	22	61	0	cell = 144 to 151
52	-43	30	12	2	24	81	-29	cell = 152 to 159
53	7	36	26	21	-19	45	-12	cell = 160 to 167
29	5	5	-23	86	6	54	-34	cell = 168 to 175
86	-8	18	43	64	-39	45	-2	cell = 176 to 183
65	40	18	11	37	-1	62	-11	cell = 184 to 191
-5	-8	73	-40	33	-8	29	-10	cell = 192 to 199
45	3	23	2	39	-13	56	-22	cell = 200 to 207
27	-16	27	-29	69	-6	72	-20	cell = 208 to 215
81	-3	25	-28	1	7	49	-7	cell = 216 to 223
37	-36	45	-18	40	-19	71	7	cell = 224 to 231
46	-14	67	-11	-7	-26	71	4	cell = 232 to 239
35	-21	48	2	43	-26	71	-4	cell = 240 to 247
46	7	13	18	24	-17	31	-8	cell = 248 to 255
37	-20	22	-38	56	29	41	6	cell = 256 to 263
79	5	44	-12	62	15	68	-18	cell = 264 to 271
55	-7	49	10	73	14	55	-8	cell = 272 to 279
86	19	57	-55	32	-13	58	0	cell = 280 to 287
63	2	18	34	60	-6	3	2	cell = 288 to 295
43	10	79	11	82	0	52	32	cell = 296 to 303
88	-67	13	-18	89	17	34	29	cell = 304 to 311
90	21	39	-29	51	-32	22	-11	cell = 312 to 319
73	-21	46	-5	38	-3	90	30	cell = 320 to 327
61	-29	54	-18	57	-23	-1	15	cell = 328 to 335
60	-10	69	-35	50	-49	73	17	cell = 336 to 343
115	7	30	6	113	18	68	7	cell = 344 to 351
26	0	19	-5	48	-8	88	13	cell = 352 to 359
48	-18	56	-26	17	-22	30	-3	cell = 360 to 367
50	4	59	4	30	19	38	23	cell = 368 to 375
37	-6	51	11	77	-20	1	-6	cell = 376 to 383
47	-48	47	-21	47	48	62	-31	cell = 384 to 391
45	6	35	-76	77	-56	34	-2	cell = 392 to 399
50	-29	80	-25	73	-11	16	10	cell = 400 to 407
30	-33	28	8	66	-6	35	11	cell = 408 to 415
56	-28	64	-62	55	25	-1	-28	cell = 416 to 423
-6	-2	17	-35	36	12	56	-15	cell = 424 to 431
55	5	22	-13	57	-41	51	-36	cell = 432 to 439
5	-19	33	0	41	-7	33	-17	cell = 440 to 447
21	-15	103	-24	48	-11	42	28	cell = 448 to 455
58	11	57	-30	-4	-12	60	18	cell = 456 to 463
69	7	41	4	56	20	5	-41	cell = 464 to 471
34	-29	41	-3	9	-37	94	16	cell = 472 to 479
30	-21	28	-34	64	-51	66	15	cell = 480 to 487
68	-51	38	-3	44	-22	68	-19	cell = 488 to 495
61	-12	2	-112	18	-104	-22	-52	cell = 496 to 503
72	-52	20	10	77	-18	62	-29	cell = 504 to 511
28	-18	9	-6	-27	-18	-51	-9	cell = 512 to 519
3	10	15	-22	-26	-21	-16	-25	cell = 520 to 527
-2	-25	-20	-16	-7	5	-25	-9	cell = 528 to 535
-42	-31	-8	17	-8	-49	-11	-19	cell = 536 to 543
-29	-39	44	-60	5	-22	-27	-53	cell = 544 to 551
-51	0	19	1	-32	1	-15	-18	cell = 552 to 559
-7	-3	-6	-11	-11	-9	-8	-13	cell = 560 to 567
-30	12	-19	-15	-49	23	-43	-25	cell = 568 to 575
-13	-41	-22	-31	-33	-31	9	-34	cell = 576 to 583
-41	16	-14	-34	-35	-34	-29	-47	cell = 584 to 591
8	-11	10	15	-14	-53	-19	-41	cell = 592 to 599
7	-20	-12	-12	8	-42	-23	-33	cell = 600 to 607
-24	-9	32	-57	-17	-4	-26	-12	cell = 608 to 615
-20	5	-37	-21	-23	-25	-74	-8	cell = 616 to 623
-14	-13	28	-34	-37	-11	-15	0	cell = 624 to 631
-1	-38	-27	-22	-34	6	10	26	cell = 632 to 639
-43	-25	-19	-49	3	2	-10	-47	cell = 640 to 647
-18	-2	-31	1	-24	10	0	28	cell = 648 to 655
-25	-37	-33	-11	-59	-39	-43	43	cell = 656 to 663
-5	-29	-23	30	-37	-3	-3	-35	cell = 664 to 671
-14	-18	5	-36	-47	-24	0	-56	cell = 672 to 679
-7	-21	-23	-26	22	2	-24	9	cell = 680 to 687
-28	33	11	-15	7	-20	7	-34	cell = 688 to 695
-12	0	1	-7	-13	-42	0	-25	cell = 696 to 703
-31	-42	-19	-14	-59	-19	5	35	cell = 704 to 711
-55	33	-20	30	-3	-64	-13	-41	cell = 712 to 719
14	-32	-29	1	-17	-15	-5	-51	cell = 720 to 727
12	20	4	-20	-4	-20	-8	48	cell = 728 to 735
-58	-8	10	0	8	-15	20	-46	cell = 736 to 743
-19	-23	-15	5	-14	-8	9	-42	cell = 744 to 751
10	-46	23	-46	-8	-59	-15	12	cell = 752 to 759
-10	-8	11	-30	-30	18	-17	-31	cell = 760 to 767
-43	-17	0	-26	-9	-22	-26	-40	cell = 768 to 775
25	0	-6	-46	9	-10	-48	-9	cell = 776 to 783
-11	-26	-32	-15	-19	-36	-39	-14	cell = 784 to 791
11	17	-22	-40	-18	5	-14	-38	cell = 792 to 799
7	-7	22	-34	-46	-20	-16	-24	cell = 800 to 807
-27	-78	40	-22	-50	-8	-27	3	cell = 808 to 815
11	-19	-37	18	-40	15	-40	3	cell = 816 to 823
-14	14	-2	-27	-34	-6	-38	-32	cell = 824 to 831
-29	-22	-30	-26	-63	-6	22	-24	cell = 832 to 839
-34	-11	-38	1	-52	-69	-49	-20	cell = 840 to 847
-4	-22	49	-2	-28	-9	-13	-31	cell = 848 to 855
-9	-8	-13	-1	-25	-38	4	-13	cell = 856 to 863
-47	-45	-63	-15	19	-15	-3	-24	cell = 864 to 871
-38	-27	-49	-14	-36	-57	-48	-43	cell = 872 to 879
-6	-21	-20	-34	16	-48	-36	-15	cell = 880 to 887
6	0	-26	4	-58	-23	-3	-31	cell = 888 to 895
-36	-25	-24	-7	-24	-26	-17	-43	cell = 896 to 903
-49	-22	-65	-13	-19	20	-25	-13	cell = 904 to 911
17	-38	-43	-21	-60	22	45	-34	cell = 912 to 919
-5	12	-3	-27	-16	-41	-1	-35	cell = 920 to 927
-20	-27	-2	-27	-20	-24	-22	-55	cell = 928 to 935
-36	-46	-57	4	20	-38	14	-9	cell = 936 to 943
-15	-66	17	6	-51	-38	-52	-11	cell = 944 to 951
-3	3	-39	-29	-32	-38	-7	4	cell = 952 to 959
-57	-45	20	-45	-29	-9	-32	42	cell = 960 to 967
3	1	-10	-35	-14	-29	-42	-45	cell = 968 to 975
-20	25	3	-26	6	-42	14	16	cell = 976 to 983
-21	-63	7	13	-6	-47	12	-13	cell = 984 to 991
-29	11	-13	-25	19	-73	5	-10	cell = 992 to 999
-27	-44	-51	3	-11	-37	-29	-75	cell = 1000 to 1007
-29	-34	-29	-43	-14	-34	-35	-17	cell = 1008 to 1015
-44	-21	-33	-13	-12	-40	-18	-26	cell = 1016 to 1023
Calibration values from cell 0 to 1024 for channel 5:

37	-19	113	-47	43	-30	24	13	cell = 0 to 7
69	21	72	-19	46	-27	53	-23	cell = 8 to 15
71	-9	29	-28	53	-28	23	-8	cell = 16 to 23
80	-9	11	5	10	42	30	-17	cell = 24 to 31
40	24	17	15	64	17	36	-8	cell = 32 to 39
30	-42	5	-12	47	-28	16	19	cell = 40 to 47
41	1	47	-18	78	-23	20	-16	cell = 48 to 55
14	12	50	27	20	-10	41	13	cell = 56 to 63
37	-27	36	-15	6	-25	42	-25	cell = 64 to 71
82	5	55	-18	34	-11	26	-42	cell = 72 to 79
60	-28	79	-5	21	-16	24	-11	cell = 80 to 87
33	16	23	-21	0	-38	10	-45	cell = 88 to 95
35	-31	51	-21	12	-27	37	22	cell = 96 to 103
40	-14	65	-34	10	22	1	-53	cell = 104 to 111
46	12	26	-64	8	-37	72	-27	cell = 112 to 119
61	-21	43	-7	47	-16	44	-4	cell = 120 to 127
48	4	33	-17	61	-47	16	2	cell = 128 to 135
19	15	30	-30	85	-15	76	-27	cell = 136 to 143
40	-52	20	-34	60	6	45	10	cell = 144 to 151
79	-14	86	-3	11	21	55	-27	cell = 152 to 159
10	-16	30	7	52	-6	29	27	cell = 160 to 167
36	14	40	-42	86	15	72	-46	cell = 168 to 175
53	19	28	-7	61	34	26	-2	cell = 176 to 183
69	13	18	5	61	-8	45	-41	cell = 184 to 191
52	5	51	-26	38	-9	41	-2	cell = 192 to 199
65	-10	38	-28	27	-10	39	13	cell = 200 to 207
50	-26	34	-25	42	-24	15	18	cell = 208 to 215
40	-40	26	9	56	3	50	-36	cell = 216 to 223
80	-23	42	-5	53	-18	25	46	cell = 224 to 231
58	13	53	25	40	-11	25	9	cell = 232 to 239
46	-6	61	-36	58	9	43	-7	cell = 240 to 247
24	-35	42	-34	85	-17	3	0	cell = 248 to 255
49	13	45	8	36	16	16	1	cell = 256 to 263
47	-26	22	-16	46	-24	21	-9	cell = 264 to 271
38	-20	42	19	9	-50	75	0	cell = 272 to 279
83	-37	44	21	51	-23	81	-15	cell = 280 to 287
55	7	57	20	19	8	39	-14	cell = 288 to 295
63	3	16	-58	23	-64	45	32	cell = 296 to 303
52	3	45	-11	86	-13	21	0	cell = 304 to 311
81	-41	21	2	-6	-9	21	-43	cell = 312 to 319
38	-4	74	-37	82	1	35	9	cell = 320 to 327
68	-9	38	13	20	20	65	19	cell = 328 to 335
47	10	70	-4	93	3	57	-17	cell = 336 to 343
43	-26	18	-8	52	-49	27	20	cell = 344 to 351
43	-17	60	3	69	3	34	19	cell = 352 to 359
30	18	32	-11	37	-53	75	-30	cell = 360 to 367
98	-9	80	3	50	-35	18	-5	cell = 368 to 375
82	5	24	23	40	-32	26	-7	cell = 376 to 383
45	-7	18	-29	28	2	32	-13	cell = 384 to 391
55	28	22	-19	80	-2	41	15	cell = 392 to 399
46	-14	74	-2	36	-11	78	3	cell = 400 to 407
66	27	38	-27	53	-10	36	23	cell = 408 to 415
46	-6	74	-8	58	14	62	-44	cell = 416 to 423
36	-36	29	-26	39	-3	49	-22	cell = 424 to 431
48	-20	-5	19	49	8	53	3	cell = 432 to 439
56	6	90	14	55	5	22	33	cell = 440 to 447
71	-9	63	26	-6	20	44	-18	cell = 448 to 455
113	-3	51	-23	56	-25	40	-12	cell = 456 to 463
36	-36	0	32	37	-11	78	20	cell = 464 to 471
46	-19	20	-46	70	-14	46	-10	cell = 472 to 479
52	-17	49	-16	8	28	109	-13	cell = 480 to 487
61	-32	41	-36	59	-7	36	28	cell = 488 to 495
51	-36	-37	-65	-44	-62	-7	-57	cell = 496 to 503
76	32	25	-45	34	33	25	-11	cell = 504 to 511
-29	-19	-16	34	-41	-25	-35	5	cell = 512 to 519
-38	-59	-41	-22	-39	-22	12	-24	cell = 520 to 527
-42	0	14	-46	-7	6	-35	-47	cell = 528 to 535
-43	-64	22	-16	-18	-34	-3	-5	cell = 536 to 543
-5	-15	-23	-1	25	-13	9	-26	cell = 544 to 551
-5	-26	-8	-27	-16	-31	1	-6	cell = 552 to 559
36	-10	3	22	-49	-51	-13	-3	cell = 560 to 567
-46	-2	-8	-5	-7	4	-30	-3	cell = 568 to 575
-30	-29	-12	-31	-20	-18	-27	-48	cell = 576 to 583
5	-16	7	-67	-26	15	-43	-37	cell = 584 to 591
11	-10	-36	-33	13	-18	28	29	cell = 592 to 599
8	6	-17	-40	12	-30	3	-36	cell = 600 to 607
-42	-49	7	-28	-50	-9	-35	-32	cell = 608 to 615
-41	-23	-22	-19	-16	6	-21	-13	cell = 616 to 623
-35	16	-36	-35	-11	-38	-13	-18	cell = 624 to 631
-17	13	-14	6	-52	27	0	-34	cell = 632 to 639
-27	-57	-22	-34	-9	13	-34	13	cell = 640 to 647
-20	3	42	-21	-22	-5	-29	-61	cell = 648 to 655
-19	4	-38	-7	-15	-2	-5	1	cell = 656 to 663
19	-4	-41	-15	-62	-45	10	-21	cell = 664 to 671
-42	-19	10	-2	56	21	-42	-28	cell = 672 to 679
9	-41	-10	-12	-22	-39	-47	-56	cell = 680 to 687
-14	-30	-13	-13	-35	9	-10	-53	cell = 688 to 695
-18	-13	7	-55	-57	-25	-15	-82	cell = 696 to 703
5	-15	-6	-14	-14	11	7	1	cell = 704 to 711
18	-33	6	-63	5	-31	-29	5	cell = 712 to 719
-4	-63	12	-26	-4	12	-30	-43	cell = 720 to 727
0	1	-15	-37	0	-13	23	-32	cell = 728 to 735
-70	-21	15	-57	-11	-10	1	1	cell = 736 to 743
39	-18	-40	17	-17	-48	19	-13	cell = 744 to 751
-50	12	29	-14	-45	-9	-19	-30	cell = 752 to 759
-40	-28	-21	-28	18	-20	0	0	cell = 760 to 767
-52	-10	-19	-37	-12	-12	-30	4	cell = 768 to 775
6	-15	7	-50	-6	-3	16	-22	cell = 776 to 783
16	-10	-53	-25	-30	-32	-66	2	cell = 784 to 791
4	18	-22	-13	-68	7	-16	-28	cell = 792 to 799
-10	-26	-49	-14	-25	-11	-23	-9	cell = 800 to 807
-48	29	-16	44	-15	-55	0	18	cell = 808 to 815
-15	-24	-53	-19	-9	-40	-29	-46	cell = 816 to 823
-37	-37	-17	2	-9	-10	-13	-26	cell = 824 to 831
-49	-9	-18	-41	-8	-9	-70	-55	cell = 832 to 839
-56	-47	-14	-10	-4	-22	-7	14	cell = 840 to 847
21	27	13	-29	-9	20	-45	-7	cell = 848 to 855
14	-26	18	24	-21	6	6	12	cell = 856 to 863
-5	17	-23	-24	-2	38	-42	7	cell = 864 to 871
2	-2	-25	-38	-44	-45	-7	-16	cell = 872 to 879
-18	14	-32	1	-36	-29	9	-56	cell = 880 to 887
-42	16	-56	13	-52	1	-60	-11	cell = 888 to 895
-7	1	-11	-24	-42	-12	8	-36	cell = 896 to 903
19	-17	-8	-47	-15	-57	-2	-1	cell = 904 to 911
1	7	-16	-27	-9	18	29	-17	cell = 912 to 919
5	-25	-13	-8	-2	-17	-67	-31	cell = 920 to 927
-5	-18	-32	-46	11	-1	0	-42	cell = 928 to 935
-12	1	-46	-33	-22	-19	-28	-20	cell = 936 to 943
-49	-62	-5	-54	-39	-69	-7	5	cell = 944 to 951
-28	-18	9	-40	-29	-52	14	-7	cell = 952 to 959
-31	-40	-1	-21	-16	-29	-45	14	cell = 960 to 967
-4	-2	-17	-18	-22	-25	-8	-36	cell = 968 to 975
-14	14	-49	-63	-7	-36	-61	-35	cell = 976 to 983
20	-52	-40	-20	7	-3	-29	-63	cell = 984 to 991
-30	1	-25	-28	20	9	-57	10	cell = 992 to 999
-19	-20	-21	3	-10	-8	-10	-7	cell = 1000 to 1007
-3	-59	-25	-53	-30	14	-25	-56	cell = 1008 to 1015
2	-28	-70	-17	-35	-4	-10	-61	cell = 1016 to 1023
Calibration values from cell 0 to 1024 for channel 6:

67	-26	30	9	87	-43	56	-60	cell = 0 to 7
13	0	54	-8	53	-28	0	11	cell = 8 to 15
19	-10	-4	-26	44	-13	46	-16	cell = 16 to 23
70	19	43	-12	54	-23	24	-17	cell = 24 to 31
39	-29	20	-32	23	9	60	-14	cell = 32 to 39
63	-17	0	-16	52	-58	44	-18	cell = 40 to 47
15	-5	-8	6	4	-13	31	-24	cell = 48 to 55
11	-6	41	-35	33	17	39	5	cell = 56 to 63
13	1	11	-43	33	2	44	-26	cell = 64 to 71
69	-5	72	5	34	-36	39	-39	cell = 72 to 79
40	11	41	22	55	-5	45	41	cell = 80 to 87
73	-8	34	-3	34	-21	-6	-11	cell = 88 to 95
33	17	51	-12	12	-35	31	-16	cell = 96 to 103
66	-23	90	4	59	-3	71	-43	cell = 104 to 111
61	-17	24	-62	81	-35	37	13	cell = 112 to 119
35	-16	30	-19	44	41	71	-13	cell = 120 to 127
32	-3	47	-18	53	-15	10	-34	cell = 128 to 135
20	-21	29	36	14	22	33	5	cell = 136 to 143
44	-26	67	-13	22	-8	103	10	cell = 144 to 151
24	-20	42	12	27	-6	60	-8	cell = 152 to 159
50	18	54	-2	43	7	70	-14	cell = 160 to 167
-14	-47	27	-26	34	-30	35	15	cell = 168 to 175
46	-38	70	-3	66	-21	28	-1	cell = 176 to 183
64	-2	23	-18	58	-21	26	2	cell = 184 to 191
34	-7	81	-18	67	-45	63	-41	cell = 192 to 199
58	-28	64	-57	26	-30	18	-4	cell = 200 to 207
23	-5	41	-13	111	-31	17	-25	cell = 208 to 215
60	36	65	4	82	31	42	-35	cell = 216 to 223
33	-17	95	17	46	3	37	-21	cell = 224 to 231
52	0	33	-5	56	11	52	-15	cell = 232 to 239
82	-6	53	17	22	-16	53	10	cell = 240 to 247
81	-11	95	-16	75	-41	70	-12	cell = 248 to 255
71	32	83	-51	90	4	31	-30	cell = 256 to 263
80	27	64	-36	23	-29	28	-14	cell = 264 to 271
29	-27	22	10	73	-8	98	42	cell = 272 to 279
18	17	46	17	35	23	35	23	cell = 280 to 287
56	25	27	-18	31	-7	73	-16	cell = 288 to 295
64	-12	41	30	47	-16	45	1	cell = 296 to 303
88	-24	-10	23	68	19	53	21	cell = 304 to 311
69	9	38	-3	55	-2	63	5	cell = 312 to 319
15	-1	38	-4	26	20	71	-3	cell = 320 to 327
51	3	63	-2	42	13	12	19	cell = 328 to 335
48	40	45	-6	20	-30	8	0	cell = 336 to 343
59	-22	33	17	61	3	52	-26	cell = 344 to 351
16	25	77	-14	76	-5	38	-18	cell = 352 to 359
34	-15	31	27	79	-53	21	12	cell = 360 to 367
74	-21	79	0	50	13	38	10	cell = 368 to 375
86	-39	48	-16	34	37	58	-35	cell = 376 to 383
87	-18	73	-17	49	-34	19	-7	cell = 384 to 391
39	18	80	19	61	-32	26	-36	cell = 392 to 399
56	33	66	-35	61	-29	33	-14	cell = 400 to 407
77	-11	54	1	36	-15	60	3	cell = 408 to 415
62	-3	67	16	32	-14	50	-12	cell = 416 to 423
31	-7	65	-30	38	-25	13	-7	cell = 424 to 431
19	-24	28	-50	66	-28	42	-9	cell = 432 to 439
18	-37	45	-11	11	-40	2	-26	cell = 440 to 447
39	-12	10	0	60	7	39	-10	cell = 448 to 455
72	15	67	10	74	30	7	11	cell = 456 to 463
99	10	49	13	74	51	40	11	cell = 464 to 471
45	-17	29	-25	50	-28	54	-29	cell = 472 to 479
66	21	31	-5	46	1	23	-20	cell = 480 to 487
71	-15	64	3	53	-31	54	0	cell = 488 to 495
67	-23	9	-80	3	-56	-33	-56	cell = 496 to 503
46	11	28	-13	54	-15	64	-16	cell = 504 to 511
32	-13	4	-26	-33	-29	-14	-51	cell = 512 to 519
15	-15	-7	13	-15	-52	-45	-3	cell = 520 to 527
-11	-5	-39	-16	-35	14	-1	-58	cell = 528 to 535
6	-16	7	9	-10	-8	-9	-39	cell = 536 to 543
-8	-16	-43	8	19	30	7	12	cell = 544 to 551
-7	7	-23	-26	-33	-26	-35	-35	cell = 552 to 559
12	-29	-20	0	-37	-9	17	-23	cell = 560 to 567
-52	34	15	-26	-39	12	-47	-29	cell = 568 to 575
-9	5	-49	-20	9	-34	-32	-42	cell = 576 to 583
-71	-32	3	-18	-16	21	-17	-33	cell = 584 to 591
0	-21	-7	-34	-39	0	-2	-14	cell = 592 to 599
26	3	-43	4	-1	2	14	-20	cell = 600 to 607
-23	-20	5	-34	-39	-37	-29	-30	cell = 608 to 615
-22	-27	-26	-4	9	-39	10	-44	cell = 616 to 623
24	7	-16	-36	-57	-37	-16	-54	cell = 624 to 631
-18	-11	-14	-18	-39	-35	-33	-22	cell = 632 to 639
31	-15	-10	-17	-21	-55	-67	-11	cell = 640 to 647
-46	-58	-29	-37	18	-27	20	-14	cell = 648 to 655
-7	-32	5	-52	18	-8	-37	9	cell = 656 to 663
-16	-7	10	11	13	-8	-8	32	cell = 664 to 671
-18	-30	-33	-8	7	-42	-10	15	cell = 672 to 679
-50	-29	-29	7	-36	-13	-9	-14	cell = 680 to 687
-40	-54	-20	-43	-39	-25	-14	1	cell = 688 to 695
27	-5	-5	-41	-36	-28	-28	-25	cell = 696 to 703
-17	-19	-18	10	-25	-43	7	3	cell = 704 to 711
-26	-18	15	-12	26	-27	-37	-12	cell = 712 to 719
-37	1	32	-45	-5	-22	20	-32	cell = 720 to 727
-43	-18	-16	18	-35	-37	7	-61	cell = 728 to 735
-8	26	-22	-25	-36	-14	16	21	cell = 736 to 743
0	-7	13	32	-20	40	-41	-54	cell = 744 to 751
-10	6	12	-10	0	-46	-29	-38	cell = 752 to 759
-37	-38	-15	-21	-67	-56	-44	-31	cell = 760 to 767
-36	-25	-16	-37	-58	-30	-26	-28	cell = 768 to 775
-61	-11	-24	-13	19	0	15	-44	cell = 776 to 783
-3	-44	-6	4	-12	-42	-59	-46	cell = 784 to 791
-6	-20	-35	-22	9	-10	23	-11	cell = 792 to 799
-6	-13	-40	-42	-31	-33	-17	-64	cell = 800 to 807
-31	-59	-28	22	-67	-29	-47	-8	cell = 808 to 815
-21	-26	-2	-17	20	-28	6	15	cell = 816 to 823
-8	-29	-25	22	-48	-40	-22	-4	cell = 824 to 831
-25	4	-17	-43	1	-47	-10	-2	cell = 832 to 839
-6	-85	-16	-14	-16	-39	-25	-41	cell = 840 to 847
7	-32	-11	5	-6	-10	1	-39	cell = 848 to 855
33	-15	-6	-16	-62	-27	-27	-49	cell = 856 to 863
-56	-33	-37	-9	-38	-29	16	-24	cell = 864 to 871
-29	24	16	-3	-26	0	-13	-30	cell = 872 to 879
8	-39	25	-39	-24	-47	3	-31	cell = 880 to 887
-26	-53	-39	9	-9	-47	-7	3	cell = 888 to 895
19	-27	-40	-17	-72	-16	-57	-14	cell = 896 to 903
-26	-33	-9	-32	-34	27	0	-29	cell = 904 to 911
-14	-27	6	-16	-23	-1	-53	18	cell = 912 to 919
-9	-43	-34	-52	-16	-35	-16	-30	cell = 920 to 927
-5	-46	-31	-9	16	-24	42	-47	cell = 928 to 935
-13	-23	-14	-48	-43	-15	-24	-55	cell = 936 to 943
-18	-9	-14	-25	2	-22	-12	-28	cell = 944 to 951
-38	-47	-56	2	-56	-40	-24	-36	cell = 952 to 959
-42	-20	-17	-35	-32	25	4	-16	cell = 960 to 967
-18	-36	-33	-11	-7	-13	-19	-31	cell = 968 to 975
-3	-16	7	-20	-81	-12	-29	-9	cell = 976 to 983
-45	8	-18	-3	0	-16	-27	-26	cell = 984 to 991
11	-54	25	9	-12	-70	2	-47	cell = 992 to 999
-31	-37	-2	-28	-16	3	-11	-31	cell = 1000 to 1007
-6	-2	-58	-42	-35	-64	-38	-14	cell = 1008 to 1015
-14	-28	-32	-19	-20	-40	-34	-67	cell = 1016 to 1023
Calibration values from cell 0 to 1024 for channel 7:

36	-4	15	-16	75	3	35	-33	cell = 0 to 7
13	-29	19	-7	39	-13	34	1	cell = 8 to 15
8	-27	51	-48	63	-62	51	-55	cell = 16 to 23
5	24	33	7	25	17	45	-60	cell = 24 to 31
27	-49	18	-16	31	-62	6	9	cell = 32 to 39
14	-19	14	-2	27	-23	50	-9	cell = 40 to 47
47	-42	27	-40	46	2	40	-15	cell = 48 to 55
55	-11	43	-22	25	-30	34	4	cell = 56 to 63
53	-16	45	-22	50	-23	57	-17	cell = 64 to 71
73	-57	4	12	79	-19	44	7	cell = 72 to 79
33	-53	24	-6	43	-34	4	-7	cell = 80 to 87
47	12	29	-32	39	33	38	-30	cell = 88 to 95
24	4	34	-44	10	-35	43	21	cell = 96 to 103
2	-32	42	-2	31	-27	19	-6	cell = 104 to 111
35	8	36	-42	50	11	43	-57	cell = 112 to 119
36	-5	54	-7	52	-43	49	-24	cell = 120 to 127
57	7	35	-18	35	-4	42	-11	cell = 128 to 135
27	-33	41	-49	21	-10	62	4	cell = 136 to 143
18	-61	51	-27	71	2	7	2	cell = 144 to 151
55	-42	58	-28	50	5	43	-31	cell = 152 to 159
62	-21	65	-6	26	4	63	-45	cell = 160 to 167
47	-9	46	5	13	10	39	5	cell = 168 to 175
80	-11	35	-24	26	-10	44	-26	cell = 176 to 183
41	-12	26	38	76	-55	45	-34	cell = 184 to 191
47	-1	3	4	30	-50	24	-12	cell = 192 to 199
66	-14	6	22	41	5	24	5	cell = 200 to 207
31	0	71	7	52	-14	19	23	cell = 208 to 215
64	-18	42	-12	-1	-30	44	-29	cell = 216 to 223
69	-8	-5	-57	12	-12	29	-7	cell = 224 to 231
49	-4	61	-52	46	-8	32	12	cell = 232 to 239
34	-16	49	-30	57	-2	55	7	cell = 240 to 247
16	-13	41	-36	81	21	73	-12	cell = 248 to 255
15	-20	33	-12	30	-44	-13	-29	cell = 256 to 263
23	-29	5	0	34	-6	39	-18	cell = 264 to 271
32	9	30	-44	18	16	66	-11	cell = 272 to 279
32	1	86	23	43	10	42	-20	cell = 280 to 287
37	-35	72	40	63	-61	50	10	cell = 288 to 295
45	-13	58	0	104	20	58	3	cell = 296 to 303
53	1	8	-13	-4	-17	20	-2	cell = 304 to 311
69	50	-13	59	15	6	35	-9	cell = 312 to 319
17	18	56	-14	25	-10	52	-2	cell = 320 to 327
78	31	12	6	64	-4	23	17	cell = 328 to 335
58	-32	23	22	52	5	28	-10	cell = 336 to 343
21	-13	54	13	51	-18	43	-34	cell = 344 to 351
77	-10	7	24	50	1	19	14	cell = 352 to 359
31	-31	47	14	77	29	59	-34	cell = 360 to 367
35	-25	56	-2	36	-20	39	-35	cell = 368 to 375
28	-49	55	-36	46	-6	29	-13	cell = 376 to 383
44	26	31	-6	66	-16	23	-5	cell = 384 to 391
30	-23	12	15	52	33	37	3	cell = 392 to 399
65	-16	34	-23	47	7	55	-16	cell = 400 to 407
18	-2	49	-52	50	-8	62	12	cell = 408 to 415
76	-30	4	-33	48	-30	66	-47	cell = 416 to 423
57	-16	15	-52	20	-1	53	-50	cell = 424 to 431
3	-21	46	22	61	-22	55	34	cell = 432 to 439
64	-16	67	-13	73	-36	28	-20	cell = 440 to 447
16	19	12	-18	58	-26	61	-8	cell = 448 to 455
80	1	59	-10	64	5	44	-16	cell = 456 to 463
74	-40	87	-53	59	-16	25	-32	cell = 464 to 471
26	1	56	-39	70	5	37	2	cell = 472 to 479
55	31	32	7	54	23	69	-21	cell = 480 to 487
97	0	77	2	36	-12	80	-32	cell = 488 to 495
41	23	-25	-75	14	-68	2	-88	cell = 496 to 503
70	-20	51	8	44	-11	71	-7	cell = 504 to 511
1	-8	2	-20	-7	-19	-21	-42	cell = 512 to 519
27	-44	-27	-5	2	16	-5	-1	cell = 520 to 527
-3	-12	-17	5	14	-35	-32	-13	cell = 528 to 535
20	-8	0	3	-30	5	25	-22	cell = 536 to 543
-29	28	-8	-42	-11	7	-11	-24	cell = 544 to 551
-21	42	-29	0	-13	-22	5	-20	cell = 552 to 559
-48	-16	-5	-19	24	-21	18	-12	cell = 560 to 567
-70	-44	-38	-46	-30	-40	6	-42	cell = 568 to 575
-21	-32	3	-38	-15	4	-26	8	cell = 576 to 583
-17	-16	-27	-9	-32	-42	0	-4	cell = 584 to 591
-22	5	40	10	-2	0	-19	-61	cell = 592 to 599
10	-9	5	27	-2	-9	2	-24	cell = 600 to 607
-52	-42	-1	-11	-46	18	9	-2	cell = 608 to 615
-54	-1	-6	-18	-36	-31	-20	-16	cell = 616 to 623
-33	-38	10	-11	-22	-13	8	-34	cell = 624 to 631
-24	-7	-20	15	-7	1	26	-38	cell = 632 to 639
-6	-14	1	-14	-17	-40	-39	24	cell = 640 to 647
-17	9	36	35	2	2	-19	-2	cell = 648 to 655
-24	-7	-26	-33	0	29	-37	16	cell = 656 to 663
-3	13	-14	-17	-12	-17	-5	-36	cell = 664 to 671
-5	-2	-17	-4	-13	3	11	-10	cell = 672 to 679
-28	-21	-33	-6	-16	8	-23	19	cell = 680 to 687
-50	-13	-4	20	-6	-26	-16	-26	cell = 688 to 695
-40	-43	9	-33	-37	0	-26	14	cell = 696 to 703
-31	17	-16	-5	-1	-40	-18	13	cell = 704 to 711
-17	2	-7	0	-13	-45	5	14	cell = 712 to 719
-14	27	-32	-41	-16	-46	-43	20	cell = 720 to 727
-1	2	13	-33	-30	5	16	-12	cell = 728 to 735
-64	-48	-26	-49	6	-19	-37	17	cell = 736 to 743
-8	-3	-27	0	19	-22	55	7	cell = 744 to 751
3	-33	18	-14	-6	-24	-62	-22	cell = 752 to 759
18	-5	10	-23	-2	-28	6	-10	cell = 760 to 767
-39	-44	12	-27	-38	-33	4	-18	cell = 768 to 775
-22	-33	-51	-14	-8	-13	-10	-22	cell = 776 to 783
2	-1	0	-19	-17	11	-18	27	cell = 784 to 791
-19	15	-75	-38	9	-36	0	-34	cell = 792 to 799
11	-53	-35	-31	-20	-12	26	-25	cell = 800 to 807
-5	-24	1	15	17	-65	-4	-54	cell = 808 to 815
-42	-26	-15	-49	-19	0	-13	-4	cell = 816 to 823
29	-13	-29	-20	-23	39	8	3	cell = 824 to 831
-20	-3	-25	-47	-5	-20	0	18	cell = 832 to 839
-64	4	-62	-10	-28	0	-32	26	cell = 840 to 847
-36	-38	2	18	-17	4	21	-6	cell = 848 to 855
14	-22	7	15	-56	0	-13	0	cell = 856 to 863
11	-27	-8	-48	-5	20	-10	-7	cell = 864 to 871
7	-36	-22	-4	11	-30	-17	5	cell = 872 to 879
-14	23	-46	-17	-37	-26	3	-7	cell = 880 to 887
3	-32	-17	-33	-21	-40	10	-12	cell = 888 to 895
1	-13	-50	-34	28	3	-59	-43	cell = 896 to 903
-22	-29	0	10	6	1	-8	-31	cell = 904 to 911
-33	-7	4	-14	-52	-32	-27	-27	cell = 912 to 919
-19	-23	-16	-28	-65	-49	-20	14	cell = 920 to 927
-5	-35	-20	-10	-3	-53	-60	-61	cell = 928 to 935
-17	-36	21	-36	-26	-14	1	7	cell = 936 to 943
-24	-32	-26	-26	-38	-13	12	-1	cell = 944 to 951
33	-50	27	3	1	-50	0	0	cell = 952 to 959
-21	21	15	-41	18	-45	9	-48	cell = 960 to 967
-18	-6	-45	-47	16	-35	23	-5	cell = 968 to 975
-43	-54	-34	-4	-69	7	-12	-21	cell = 976 to 983
-20	-26	1	-31	-31	-35	-53	-43	cell = 984 to 991
-53	-47	18	-58	-25	-19	-26	11	cell = 992 to 999
-31	4	-11	20	-20	-65	-2	-15	cell = 1000 to 1007
-42	7	-30	-31	-19	-27	-6	-60	cell = 1008 to 1015
-2	-52	-40	-28	23	11	-6	-30	cell = 1016 to 1023
Calibration values from cell 0 to 1024 for channel 8:

64	3	45	13	58	-36	30	20	cell = 0 to 7
52	-20	11	13	34	44	8	-11	cell = 8 to 15
51	2	43	15	38	32	35	-28	cell = 16 to 23
1	15	63	20	16	-8	35	-3	cell = 24 to 31
32	-20	-2	14	26	26	36	20	cell = 32 to 39
59	29	33	-16	19	-4	48	1	cell = 40 to 47
36	28	62	-26	32	29	40	21	cell = 48 to 55
49	24	36	17	-6	-11	43	7	cell = 56 to 63
52	-27	86	14	71	-21	17	18	cell = 64 to 71
29	-46	0	-15	40	-2	72	-58	cell = 72 to 79
39	-32	58	-33	33	16	43	-7	cell = 80 to 87
50	-45	6	-45	1	10	-15	-18	cell = 88 to 95
39	-29	65	-17	86	-2	65	13	cell = 96 to 103
58	-60	49	-21	38	39	15	-3	cell = 104 to 111
31	-35	39	6	63	-31	18	46	cell = 112 to 119
50	35	55	7	35	17	2	34	cell = 120 to 127
29	-38	17	-14	40	-13	34	-1	cell = 128 to 135
3	29	19	-11	43	-26	83	-21	cell = 136 to 143
33	3	36	6	14	-32	10	-10	cell = 144 to 151
65	3	12	12	70	-29	18	14	cell = 152 to 159
15	0	42	-27	-12	9	60	-2	cell = 160 to 167
69	0	26	-9	14	-11	38	-15	cell = 168 to 175
28	-24	57	-24	14	-9	66	46	cell = 176 to 183
17	-40	46	-18	25	-7	-21	-7	cell = 184 to 191
19	31	10	-33	97	21	57	-3	cell = 192 to 199
61	29	54	13	40	2	49	-26	cell = 200 to 207
33	-15	59	9	21	-2	43	-23	cell = 208 to 215
35	1	-3	-20	4	-64	51	-27	cell = 216 to 223
74	-34	35	2	39	-24	-3	1	cell = 224 to 231
51	-45	12	-9	42	-1	62	27	cell = 232 to 239
81	-9	42	26	37	23	77	-39	cell = 240 to 247
22	-56	32	-10	70	4	36	-21	cell = 248 to 255
83	4	54	-28	56	-4	69	7	cell = 256 to 263
47	33	18	18	12	-32	33	10	cell = 264 to 271
18	1	56	-2	58	-16	33	-9	cell = 272 to 279
26	-18	96	-4	41	32	40	2	cell = 280 to 287
30	25	28	12	71	40	49	13	cell = 288 to 295
86	-34	16	28	29	-30	36	18	cell = 296 to 303
20	20	75	-9	13	-3	57	-6	cell = 304 to 311
51	6	58	-26	54	-13	57	-33	cell = 312 to 319
20	-9	43	-4	71	-53	45	0	cell = 320 to 327
47	29	11	-10	21	-27	59	39	cell = 328 to 335
55	15	34	-5	2	2	48	41	cell = 336 to 343
66	36	30	20	88	-10	23	-14	cell = 344 to 351
12	12	41	-21	67	45	42	-11	cell = 352 to 359
68	18	-3	-42	50	5	32	-13	cell = 360 to 367
49	-9	90	-2	28	16	-7	-19	cell = 368 to 375
-3	-46	15	-3	42	10	31	26	cell = 376 to 383
78	-27	60	4	18	-22	74	3	cell = 384 to 391
73	-23	51	-10	-3	-27	97	-5	cell = 392 to 399
64	-18	17	59	49	8	50	-9	cell = 400 to 407
36	13	52	19	70	4	-17	-22	cell = 408 to 415
-2	-40	33	-15	42	10	16	4	cell = 416 to 423
73	-25	22	14	63	13	10	-22	cell = 424 to 431
72	-26	50	4	70	-14	15	-38	cell = 432 to 439
50	-24	62	3	32	-50	41	17	cell = 440 to 447
21	-11	-3	-6	59	19	38	6	cell = 448 to 455
33	-2	23	-23	50	21	32	-10	cell = 456 to 463
29	-1	49	0	62	49	38	1	cell = 464 to 471
37	-10	54	22	50	-14	63	0	cell = 472 to 479
72	-3	69	-7	7	25	65	28	cell = 480 to 487
54	-37	15	-3	72	12	68	20	cell = 488 to 495
58	51	-19	-102	-35	-76	-17	-76	cell = 496 to 503
83	25	41	-8	29	23	54	-18	cell = 504 to 511
-4	-8	-33	8	14	-49	0	-31	cell = 512 to 519
-2	-1	-27	-43	-4	-4	-14	7	cell = 520 to 527
30	-49	-48	11	-11	-13	-22	-12	cell = 528 to 535
-24	-16	-12	-6	1	7	8	-2	cell = 536 to 543
-28	-2	-72	0	-42	-1	5	-23	cell = 544 to 551
-42	-21	10	-5	-25	-45	0	-2	cell = 552 to 559
20	-16	8	12	-16	35	-5	-39	cell = 560 to 567
13	19	1	14	-4	-15	10	-30	cell = 568 to 575
3	-33	-27	-25	-20	17	8	-30	cell = 576 to 583
-56	6	-5	-7	-25	29	-13	-28	cell = 584 to 591
1	-37	3	17	-45	-27	-16	-61	cell = 592 to 599
-62	-30	-45	-9	-39	6	-33	-26	cell = 600 to 607
-16	-4	-32	-20	18	-31	-30	-8	cell = 608 to 615
26	-8	-62	30	-70	-73	-49	-30	cell = 616 to 623
-48	-16	12	5	-37	38	-44	-8	cell = 624 to 631
-40	-4	-10	-47	-24	-22	-18	-24	cell = 632 to 639
-49	-57	-38	-15	-26	-14	-46	7	cell = 640 to 647
-63	-14	-47	-11	-49	10	-30	10	cell = 648 to 655
-10	0	-40	-29	0	-1	19	19	cell = 656 to 663
4	-7	-34	-40	22	-36	19	-17	cell = 664 to 671
-54	36	-15	5	-23	-16	-33	13	cell = 672 to 679
2	35	11	-1	7	-6	-25	-3	cell = 680 to 687
18	-23	-6	-34	-25	-19	-48	-38	cell = 688 to 695
-11	-16	-16	-7	-23	-6	-42	-43	cell = 696 to 703
18	-31	-19	-12	17	-17	14	-34	cell = 704 to 711
-16	15	43	-3	-25	-50	22	-16	cell = 712 to 719
-30	1	19	-55	-40	-38	0	-21	cell = 720 to 727
-39	14	-22	-17	-19	26	-42	59	cell = 728 to 735
-29	-14	-3	10	-50	1	0	-38	cell = 736 to 743
-7	-2	-26	-32	-10	17	19	-36	cell = 744 to 751
-18	-18	-44	-8	-53	-45	-28	-53	cell = 752 to 759
17	4	53	-10	-20	-33	-80	-25	cell = 760 to 767
-43	-13	-37	-33	-37	10	-16	-15	cell = 768 to 775
-43	1	1	-10	-9	-26	-45	-17	cell = 776 to 783
-55	-11	16	29	-27	-29	-47	-18	cell = 784 to 791
-47	-22	-59	-41	-56	-11	-10	-13	cell = 792 to 799
-36	-14	-20	-16	0	-32	-26	-48	cell = 800 to 807
-35	25	-9	-28	2	-24	-43	-11	cell = 808 to 815
27	-36	-21	-63	18	-24	-22	4	cell = 816 to 823
-3	27	-9	-64	-38	-35	-54	-10	cell = 824 to 831
-31	-29	-13	16	36	11	-4	24	cell = 832 to 839
-20	15	-27	14	-26	4	25	-30	cell = 840 to 847
-40	-48	4	-24	6	-5	-30	-57	cell = 848 to 855
-22	15	-23	-36	-19	-22	-43	-68	cell = 856 to 863
-20	10	2	-8	-43	10	-45	-33	cell = 864 to 871
-31	-16	-77	4	-25	10	-22	-16	cell = 872 to 879
-35	-49	-38	-9	-18	-29	-11	5	cell = 880 to 887
-27	-43	-12	23	8	-36	-18	-19	cell = 888 to 895
-16	40	-21	-47	21	-5	-45	-68	cell = 896 to 903
-45	30	-3	20	-80	35	-26	-24	cell = 904 to 911
-22	-37	-48	-43	6	-48	-41	-42	cell = 912 to 919
25	-45	-20	-41	-31	-10	-63	-30	cell = 920 to 927
-48	34	-16	-19	-82	-24	-47	-41	cell = 928 to 935
5	-14	-41	-51	14	-14	12	1	cell = 936 to 943
-52	32	-46	-32	-33	-26	-56	11	cell = 944 to 951
-18	-56	-34	-3	-21	-13	-30	12	cell = 952 to 959
1	-44	-2	-15	7	-36	-44	-12	cell = 960 to 967
17	-12	-20	2	-51	-40	-47	-34	cell = 968 to 975
-70	-37	-17	-47	-20	-15	-20	-26	cell = 976 to 983
-24	-13	-6	10	11	-36	-44	-31	cell = 984 to 991
-67	-5	-10	-41	-29	4	-4	-36	cell = 992 to 999
-19	35	-8	-8	-38	-63	-25	-34	cell = 1000 to 1007
-10	-39	-52	-19	-38	-29	-21	-33	cell = 1008 to 1015
-36	-18	-51	-11	-54	-48	1	-26	cell = 1016 to 1023
