Calibration values (ps) from cell 0 to 1024 :

00000.000	00000.198	00000.397	00000.595	00000.794	00000.992	00001.191	00001.390	cell = 0 to 7
00001.589	00001.788	00001.987	00002.186	00002.385	00002.584	00002.783	00002.982	cell = 8 to 15
00003.181	00003.381	00003.580	00003.780	00003.979	00004.179	00004.378	00004.578	cell = 16 to 23
00004.777	00004.977	00005.177	00005.377	00005.577	00005.777	00005.977	00006.177	cell = 24 to 31
00006.378	00006.578	00006.778	00006.978	00007.178	00007.379	00007.579	00007.779	cell = 32 to 39
00007.979	00008.180	00008.380	00008.580	00008.779	00008.979	00009.179	00009.379	cell = 40 to 47
00009.579	00009.779	00009.979	00010.179	00010.379	00010.579	00010.779	00010.979	cell = 48 to 55
00011.179	00011.379	00011.579	00011.780	00011.980	00012.180	00012.380	00012.581	cell = 56 to 63
00012.781	00012.982	00013.182	00013.382	00013.582	00013.782	00013.982	00014.182	cell = 64 to 71
00014.382	00014.582	00014.782	00014.982	00015.182	00015.383	00015.583	00015.783	cell = 72 to 79
00015.983	00016.183	00016.384	00016.584	00016.785	00016.986	00017.187	00017.389	cell = 80 to 87
00017.590	00017.792	00017.993	00018.195	00018.396	00018.598	00018.799	00019.000	cell = 88 to 95
00019.202	00019.403	00019.604	00019.806	00020.007	00020.209	00020.410	00020.611	cell = 96 to 103
00020.813	00021.014	00021.214	00021.415	00021.616	00021.818	00022.019	00022.220	cell = 104 to 111
00022.421	00022.622	00022.824	00023.025	00023.226	00023.427	00023.629	00023.830	cell = 112 to 119
00024.031	00024.233	00024.434	00024.635	00024.836	00025.037	00025.238	00025.439	cell = 120 to 127
00025.640	00025.841	00026.042	00026.242	00026.443	00026.644	00026.845	00027.045	cell = 128 to 135
00027.246	00027.447	00027.647	00027.848	00028.049	00028.249	00028.450	00028.651	cell = 136 to 143
00028.852	00029.053	00029.254	00029.455	00029.655	00029.856	00030.056	00030.257	cell = 144 to 151
00030.457	00030.658	00030.858	00031.058	00031.258	00031.458	00031.658	00031.858	cell = 152 to 159
00032.058	00032.258	00032.457	00032.657	00032.857	00033.056	00033.256	00033.456	cell = 160 to 167
00033.655	00033.855	00034.055	00034.255	00034.454	00034.654	00034.854	00035.053	cell = 168 to 175
00035.253	00035.453	00035.652	00035.852	00036.051	00036.251	00036.450	00036.650	cell = 176 to 183
00036.849	00037.049	00037.248	00037.448	00037.648	00037.847	00038.047	00038.247	cell = 184 to 191
00038.446	00038.646	00038.846	00039.047	00039.247	00039.447	00039.646	00039.846	cell = 192 to 199
00040.046	00040.246	00040.446	00040.646	00040.846	00041.046	00041.247	00041.447	cell = 200 to 207
00041.647	00041.847	00042.048	00042.247	00042.447	00042.647	00042.847	00043.047	cell = 208 to 215
00043.247	00043.447	00043.647	00043.847	00044.047	00044.246	00044.446	00044.646	cell = 216 to 223
00044.846	00045.046	00045.247	00045.447	00045.647	00045.847	00046.047	00046.248	cell = 224 to 231
00046.448	00046.649	00046.850	00047.050	00047.251	00047.452	00047.653	00047.854	cell = 232 to 239
00048.054	00048.255	00048.456	00048.656	00048.856	00049.056	00049.257	00049.457	cell = 240 to 247
00049.658	00049.858	00050.059	00050.259	00050.459	00050.660	00050.860	00051.060	cell = 248 to 255
00051.261	00051.461	00051.662	00051.862	00052.063	00052.263	00052.464	00052.665	cell = 256 to 263
00052.865	00053.066	00053.267	00053.467	00053.668	00053.868	00054.069	00054.270	cell = 264 to 271
00054.470	00054.671	00054.872	00055.072	00055.273	00055.474	00055.675	00055.876	cell = 272 to 279
00056.077	00056.277	00056.478	00056.678	00056.879	00057.079	00057.280	00057.480	cell = 280 to 287
00057.681	00057.881	00058.082	00058.283	00058.484	00058.685	00058.885	00059.086	cell = 288 to 295
00059.287	00059.488	00059.689	00059.890	00060.091	00060.291	00060.492	00060.693	cell = 296 to 303
00060.894	00061.095	00061.296	00061.497	00061.697	00061.898	00062.099	00062.300	cell = 304 to 311
00062.501	00062.702	00062.903	00063.104	00063.305	00063.507	00063.708	00063.909	cell = 312 to 319
00064.111	00064.312	00064.513	00064.715	00064.916	00065.116	00065.317	00065.518	cell = 320 to 327
00065.719	00065.920	00066.120	00066.321	00066.521	00066.720	00066.920	00067.120	cell = 328 to 335
00067.320	00067.520	00067.720	00067.919	00068.119	00068.319	00068.519	00068.719	cell = 336 to 343
00068.918	00069.118	00069.318	00069.518	00069.718	00069.918	00070.118	00070.318	cell = 344 to 351
00070.518	00070.718	00070.918	00071.118	00071.318	00071.518	00071.718	00071.918	cell = 352 to 359
00072.119	00072.319	00072.519	00072.719	00072.919	00073.119	00073.319	00073.520	cell = 360 to 367
00073.720	00073.920	00074.120	00074.320	00074.520	00074.720	00074.920	00075.120	cell = 368 to 375
00075.320	00075.520	00075.720	00075.919	00076.119	00076.320	00076.520	00076.720	cell = 376 to 383
00076.920	00077.120	00077.319	00077.519	00077.718	00077.917	00078.116	00078.315	cell = 384 to 391
00078.514	00078.714	00078.913	00079.112	00079.311	00079.511	00079.710	00079.909	cell = 392 to 399
00080.108	00080.308	00080.507	00080.707	00080.906	00081.106	00081.306	00081.505	cell = 400 to 407
00081.704	00081.904	00082.103	00082.302	00082.501	00082.700	00082.900	00083.099	cell = 408 to 415
00083.298	00083.497	00083.696	00083.895	00084.094	00084.293	00084.492	00084.691	cell = 416 to 423
00084.890	00085.089	00085.288	00085.487	00085.687	00085.886	00086.086	00086.286	cell = 424 to 431
00086.486	00086.686	00086.885	00087.085	00087.285	00087.485	00087.685	00087.885	cell = 432 to 439
00088.085	00088.285	00088.485	00088.684	00088.884	00089.084	00089.284	00089.484	cell = 440 to 447
00089.684	00089.884	00090.084	00090.284	00090.484	00090.684	00090.884	00091.084	cell = 448 to 455
00091.284	00091.484	00091.685	00091.885	00092.085	00092.285	00092.486	00092.686	cell = 456 to 463
00092.886	00093.086	00093.287	00093.487	00093.687	00093.888	00094.088	00094.289	cell = 464 to 471
00094.489	00094.690	00094.890	00095.091	00095.291	00095.492	00095.692	00095.893	cell = 472 to 479
00096.093	00096.293	00096.494	00096.694	00096.895	00097.096	00097.297	00097.497	cell = 480 to 487
00097.699	00097.900	00098.101	00098.302	00098.503	00098.704	00098.905	00099.105	cell = 488 to 495
00099.306	00099.506	00099.707	00099.907	00100.106	00100.306	00100.505	00100.704	cell = 496 to 503
00100.903	00101.102	00101.300	00101.499	00101.698	00101.897	00102.095	00102.294	cell = 504 to 511
00102.492	00102.690	00102.887	00103.085	00103.284	00103.482	00103.680	00103.878	cell = 512 to 519
00104.077	00104.276	00104.474	00104.673	00104.871	00105.069	00105.268	00105.466	cell = 520 to 527
00105.665	00105.863	00106.062	00106.260	00106.459	00106.657	00106.856	00107.055	cell = 528 to 535
00107.254	00107.452	00107.651	00107.850	00108.048	00108.247	00108.445	00108.644	cell = 536 to 543
00108.843	00109.041	00109.240	00109.438	00109.637	00109.835	00110.033	00110.232	cell = 544 to 551
00110.430	00110.629	00110.828	00111.026	00111.225	00111.423	00111.621	00111.820	cell = 552 to 559
00112.019	00112.217	00112.416	00112.614	00112.812	00113.011	00113.209	00113.407	cell = 560 to 567
00113.605	00113.803	00114.001	00114.199	00114.397	00114.595	00114.793	00114.991	cell = 568 to 575
00115.189	00115.387	00115.585	00115.783	00115.981	00116.179	00116.377	00116.575	cell = 576 to 583
00116.774	00116.972	00117.170	00117.369	00117.567	00117.765	00117.964	00118.162	cell = 584 to 591
00118.361	00118.559	00118.758	00118.956	00119.155	00119.354	00119.553	00119.751	cell = 592 to 599
00119.950	00120.150	00120.349	00120.548	00120.747	00120.947	00121.147	00121.346	cell = 600 to 607
00121.546	00121.746	00121.946	00122.145	00122.345	00122.546	00122.746	00122.947	cell = 608 to 615
00123.147	00123.347	00123.547	00123.747	00123.947	00124.147	00124.347	00124.547	cell = 616 to 623
00124.747	00124.947	00125.148	00125.347	00125.547	00125.747	00125.947	00126.147	cell = 624 to 631
00126.347	00126.547	00126.746	00126.946	00127.146	00127.346	00127.546	00127.746	cell = 632 to 639
00127.946	00128.146	00128.346	00128.546	00128.746	00128.947	00129.147	00129.347	cell = 640 to 647
00129.548	00129.748	00129.949	00130.149	00130.350	00130.550	00130.750	00130.951	cell = 648 to 655
00131.151	00131.352	00131.552	00131.752	00131.952	00132.152	00132.352	00132.552	cell = 656 to 663
00132.752	00132.953	00133.153	00133.353	00133.554	00133.754	00133.955	00134.155	cell = 664 to 671
00134.356	00134.556	00134.757	00134.957	00135.158	00135.359	00135.560	00135.760	cell = 672 to 679
00135.961	00136.162	00136.362	00136.563	00136.763	00136.964	00137.164	00137.365	cell = 680 to 687
00137.565	00137.765	00137.965	00138.166	00138.366	00138.566	00138.767	00138.967	cell = 688 to 695
00139.168	00139.368	00139.569	00139.769	00139.969	00140.170	00140.370	00140.571	cell = 696 to 703
00140.771	00140.972	00141.172	00141.373	00141.573	00141.773	00141.974	00142.174	cell = 704 to 711
00142.375	00142.575	00142.775	00142.975	00143.176	00143.376	00143.576	00143.777	cell = 712 to 719
00143.977	00144.178	00144.378	00144.578	00144.779	00144.979	00145.179	00145.380	cell = 720 to 727
00145.580	00145.780	00145.980	00146.180	00146.380	00146.579	00146.779	00146.979	cell = 728 to 735
00147.178	00147.378	00147.577	00147.776	00147.976	00148.175	00148.375	00148.574	cell = 736 to 743
00148.774	00148.974	00149.173	00149.373	00149.572	00149.772	00149.972	00150.172	cell = 744 to 751
00150.371	00150.571	00150.771	00150.971	00151.170	00151.370	00151.570	00151.771	cell = 752 to 759
00151.971	00152.171	00152.371	00152.572	00152.772	00152.972	00153.173	00153.373	cell = 760 to 767
00153.573	00153.773	00153.974	00154.174	00154.374	00154.575	00154.775	00154.975	cell = 768 to 775
00155.175	00155.375	00155.575	00155.775	00155.974	00156.174	00156.374	00156.573	cell = 776 to 783
00156.772	00156.971	00157.171	00157.370	00157.569	00157.769	00157.968	00158.167	cell = 784 to 791
00158.367	00158.566	00158.765	00158.964	00159.164	00159.364	00159.563	00159.763	cell = 792 to 799
00159.962	00160.162	00160.362	00160.561	00160.761	00160.961	00161.161	00161.361	cell = 800 to 807
00161.562	00161.762	00161.963	00162.163	00162.364	00162.564	00162.765	00162.966	cell = 808 to 815
00163.167	00163.367	00163.568	00163.769	00163.969	00164.170	00164.371	00164.571	cell = 816 to 823
00164.772	00164.973	00165.173	00165.374	00165.575	00165.775	00165.976	00166.176	cell = 824 to 831
00166.377	00166.578	00166.779	00166.980	00167.181	00167.382	00167.583	00167.784	cell = 832 to 839
00167.986	00168.187	00168.388	00168.589	00168.789	00168.990	00169.191	00169.391	cell = 840 to 847
00169.592	00169.792	00169.993	00170.193	00170.393	00170.593	00170.794	00170.994	cell = 848 to 855
00171.194	00171.394	00171.594	00171.794	00171.994	00172.194	00172.393	00172.593	cell = 856 to 863
00172.793	00172.992	00173.192	00173.391	00173.591	00173.790	00173.989	00174.189	cell = 864 to 871
00174.388	00174.588	00174.787	00174.986	00175.186	00175.386	00175.585	00175.785	cell = 872 to 879
00175.985	00176.185	00176.385	00176.586	00176.786	00176.987	00177.187	00177.388	cell = 880 to 887
00177.588	00177.789	00177.989	00178.190	00178.390	00178.591	00178.791	00178.991	cell = 888 to 895
00179.191	00179.391	00179.591	00179.791	00179.990	00180.190	00180.390	00180.590	cell = 896 to 903
00180.790	00180.989	00181.189	00181.388	00181.588	00181.787	00181.987	00182.186	cell = 904 to 911
00182.386	00182.586	00182.786	00182.986	00183.186	00183.386	00183.586	00183.786	cell = 912 to 919
00183.986	00184.186	00184.387	00184.587	00184.787	00184.988	00185.188	00185.389	cell = 920 to 927
00185.589	00185.790	00185.990	00186.190	00186.391	00186.591	00186.791	00186.992	cell = 928 to 935
00187.192	00187.392	00187.592	00187.792	00187.992	00188.192	00188.392	00188.592	cell = 936 to 943
00188.792	00188.992	00189.192	00189.392	00189.592	00189.792	00189.992	00190.192	cell = 944 to 951
00190.392	00190.592	00190.792	00190.992	00191.191	00191.391	00191.591	00191.791	cell = 952 to 959
00191.991	00192.191	00192.391	00192.591	00192.791	00192.992	00193.192	00193.393	cell = 960 to 967
00193.593	00193.794	00193.994	00194.195	00194.395	00194.596	00194.797	00194.998	cell = 968 to 975
00195.198	00195.399	00195.600	00195.800	00196.001	00196.202	00196.402	00196.603	cell = 976 to 983
00196.804	00197.004	00197.204	00197.405	00197.605	00197.805	00198.006	00198.206	cell = 984 to 991
00198.407	00198.608	00198.809	00199.010	00199.211	00199.411	00199.612	00199.813	cell = 992 to 999
00200.014	00200.215	00200.416	00200.617	00200.818	00201.019	00201.220	00201.420	cell = 1000 to 1007
00201.621	00201.821	00202.020	00202.219	00202.418	00202.617	00202.816	00203.015	cell = 1008 to 1015
00203.213	00203.412	00203.610	00203.809	00204.007	00204.206	00204.404	00204.602	cell = 1016 to 1023
