Calibration values (ps) from cell 0 to 1024 :

00000.000	00000.198	00000.397	00000.595	00000.794	00000.993	00001.192	00001.391	cell = 0 to 7
00001.591	00001.790	00001.990	00002.189	00002.389	00002.588	00002.788	00002.988	cell = 8 to 15
00003.188	00003.389	00003.589	00003.789	00003.989	00004.189	00004.390	00004.590	cell = 16 to 23
00004.791	00004.991	00005.192	00005.392	00005.593	00005.793	00005.994	00006.195	cell = 24 to 31
00006.395	00006.596	00006.797	00006.998	00007.199	00007.401	00007.602	00007.803	cell = 32 to 39
00008.005	00008.206	00008.407	00008.609	00008.810	00009.011	00009.213	00009.414	cell = 40 to 47
00009.616	00009.818	00010.019	00010.221	00010.423	00010.625	00010.827	00011.029	cell = 48 to 55
00011.231	00011.433	00011.634	00011.836	00012.038	00012.240	00012.441	00012.643	cell = 56 to 63
00012.845	00013.047	00013.249	00013.450	00013.652	00013.853	00014.054	00014.255	cell = 64 to 71
00014.457	00014.658	00014.859	00015.060	00015.261	00015.462	00015.663	00015.864	cell = 72 to 79
00016.065	00016.266	00016.467	00016.669	00016.870	00017.071	00017.273	00017.475	cell = 80 to 87
00017.676	00017.878	00018.080	00018.281	00018.483	00018.685	00018.886	00019.088	cell = 88 to 95
00019.289	00019.491	00019.693	00019.895	00020.096	00020.298	00020.499	00020.700	cell = 96 to 103
00020.901	00021.102	00021.302	00021.503	00021.704	00021.904	00022.105	00022.305	cell = 104 to 111
00022.505	00022.706	00022.906	00023.106	00023.306	00023.506	00023.706	00023.906	cell = 112 to 119
00024.106	00024.306	00024.506	00024.706	00024.906	00025.107	00025.307	00025.507	cell = 120 to 127
00025.707	00025.908	00026.108	00026.308	00026.509	00026.709	00026.909	00027.109	cell = 128 to 135
00027.309	00027.509	00027.709	00027.909	00028.109	00028.309	00028.509	00028.709	cell = 136 to 143
00028.909	00029.109	00029.309	00029.509	00029.709	00029.909	00030.109	00030.309	cell = 144 to 151
00030.509	00030.709	00030.909	00031.109	00031.309	00031.510	00031.710	00031.910	cell = 152 to 159
00032.111	00032.311	00032.511	00032.711	00032.911	00033.111	00033.312	00033.512	cell = 160 to 167
00033.712	00033.912	00034.112	00034.312	00034.512	00034.713	00034.913	00035.113	cell = 168 to 175
00035.313	00035.514	00035.714	00035.913	00036.113	00036.313	00036.513	00036.713	cell = 176 to 183
00036.913	00037.113	00037.312	00037.512	00037.712	00037.912	00038.112	00038.313	cell = 184 to 191
00038.513	00038.713	00038.914	00039.114	00039.314	00039.514	00039.715	00039.915	cell = 192 to 199
00040.116	00040.316	00040.517	00040.718	00040.918	00041.119	00041.320	00041.520	cell = 200 to 207
00041.721	00041.922	00042.123	00042.324	00042.524	00042.725	00042.926	00043.127	cell = 208 to 215
00043.327	00043.528	00043.729	00043.930	00044.131	00044.332	00044.532	00044.733	cell = 216 to 223
00044.933	00045.133	00045.334	00045.534	00045.734	00045.935	00046.135	00046.335	cell = 224 to 231
00046.535	00046.736	00046.936	00047.136	00047.336	00047.536	00047.735	00047.935	cell = 232 to 239
00048.135	00048.335	00048.535	00048.735	00048.935	00049.135	00049.335	00049.535	cell = 240 to 247
00049.734	00049.934	00050.133	00050.332	00050.531	00050.731	00050.930	00051.129	cell = 248 to 255
00051.329	00051.528	00051.728	00051.927	00052.127	00052.326	00052.526	00052.726	cell = 256 to 263
00052.926	00053.126	00053.327	00053.527	00053.727	00053.927	00054.127	00054.328	cell = 264 to 271
00054.528	00054.728	00054.929	00055.129	00055.330	00055.530	00055.731	00055.932	cell = 272 to 279
00056.132	00056.333	00056.534	00056.734	00056.935	00057.135	00057.336	00057.537	cell = 280 to 287
00057.737	00057.938	00058.138	00058.339	00058.539	00058.740	00058.940	00059.141	cell = 288 to 295
00059.342	00059.542	00059.743	00059.943	00060.144	00060.344	00060.545	00060.745	cell = 296 to 303
00060.946	00061.147	00061.347	00061.548	00061.749	00061.949	00062.150	00062.350	cell = 304 to 311
00062.551	00062.751	00062.951	00063.152	00063.352	00063.553	00063.753	00063.953	cell = 312 to 319
00064.153	00064.353	00064.554	00064.754	00064.955	00065.155	00065.356	00065.556	cell = 320 to 327
00065.756	00065.956	00066.156	00066.356	00066.556	00066.757	00066.957	00067.158	cell = 328 to 335
00067.358	00067.559	00067.759	00067.960	00068.160	00068.361	00068.562	00068.762	cell = 336 to 343
00068.963	00069.164	00069.364	00069.565	00069.766	00069.967	00070.168	00070.369	cell = 344 to 351
00070.570	00070.770	00070.971	00071.172	00071.373	00071.573	00071.773	00071.974	cell = 352 to 359
00072.174	00072.374	00072.574	00072.774	00072.974	00073.174	00073.374	00073.574	cell = 360 to 367
00073.774	00073.974	00074.174	00074.374	00074.573	00074.773	00074.973	00075.173	cell = 368 to 375
00075.373	00075.572	00075.772	00075.972	00076.171	00076.371	00076.571	00076.770	cell = 376 to 383
00076.970	00077.170	00077.369	00077.569	00077.768	00077.968	00078.167	00078.367	cell = 384 to 391
00078.567	00078.767	00078.967	00079.167	00079.367	00079.567	00079.768	00079.968	cell = 392 to 399
00080.168	00080.369	00080.570	00080.771	00080.972	00081.173	00081.374	00081.576	cell = 400 to 407
00081.777	00081.979	00082.180	00082.382	00082.583	00082.785	00082.987	00083.188	cell = 408 to 415
00083.390	00083.591	00083.793	00083.995	00084.196	00084.398	00084.599	00084.801	cell = 416 to 423
00085.002	00085.204	00085.406	00085.607	00085.809	00086.011	00086.213	00086.414	cell = 424 to 431
00086.616	00086.817	00087.019	00087.220	00087.421	00087.622	00087.823	00088.024	cell = 432 to 439
00088.225	00088.426	00088.627	00088.827	00089.028	00089.229	00089.429	00089.630	cell = 440 to 447
00089.831	00090.031	00090.232	00090.432	00090.633	00090.833	00091.034	00091.234	cell = 448 to 455
00091.435	00091.636	00091.837	00092.038	00092.239	00092.440	00092.640	00092.841	cell = 456 to 463
00093.042	00093.243	00093.443	00093.644	00093.844	00094.044	00094.245	00094.446	cell = 464 to 471
00094.646	00094.847	00095.047	00095.247	00095.448	00095.648	00095.849	00096.049	cell = 472 to 479
00096.250	00096.450	00096.651	00096.851	00097.052	00097.252	00097.453	00097.654	cell = 480 to 487
00097.855	00098.057	00098.258	00098.459	00098.659	00098.860	00099.060	00099.260	cell = 488 to 495
00099.461	00099.661	00099.861	00100.061	00100.260	00100.459	00100.658	00100.856	cell = 496 to 503
00101.054	00101.252	00101.450	00101.648	00101.845	00102.043	00102.241	00102.439	cell = 504 to 511
00102.636	00102.834	00103.031	00103.229	00103.427	00103.625	00103.824	00104.022	cell = 512 to 519
00104.220	00104.419	00104.617	00104.816	00105.014	00105.213	00105.411	00105.610	cell = 520 to 527
00105.809	00106.007	00106.206	00106.405	00106.603	00106.802	00107.001	00107.200	cell = 528 to 535
00107.399	00107.598	00107.797	00107.996	00108.194	00108.393	00108.592	00108.791	cell = 536 to 543
00108.990	00109.189	00109.389	00109.588	00109.787	00109.986	00110.186	00110.385	cell = 544 to 551
00110.585	00110.784	00110.984	00111.183	00111.383	00111.582	00111.782	00111.981	cell = 552 to 559
00112.181	00112.380	00112.580	00112.779	00112.979	00113.179	00113.378	00113.578	cell = 560 to 567
00113.778	00113.978	00114.178	00114.377	00114.577	00114.777	00114.976	00115.176	cell = 568 to 575
00115.376	00115.576	00115.776	00115.976	00116.176	00116.376	00116.576	00116.777	cell = 576 to 583
00116.977	00117.177	00117.378	00117.578	00117.777	00117.977	00118.177	00118.376	cell = 584 to 591
00118.577	00118.776	00118.976	00119.176	00119.376	00119.576	00119.775	00119.975	cell = 592 to 599
00120.175	00120.376	00120.576	00120.777	00120.977	00121.178	00121.379	00121.579	cell = 600 to 607
00121.780	00121.980	00122.181	00122.381	00122.581	00122.782	00122.982	00123.182	cell = 608 to 615
00123.382	00123.582	00123.782	00123.981	00124.181	00124.381	00124.581	00124.780	cell = 616 to 623
00124.980	00125.179	00125.379	00125.578	00125.778	00125.977	00126.177	00126.376	cell = 624 to 631
00126.576	00126.775	00126.975	00127.174	00127.374	00127.573	00127.773	00127.973	cell = 632 to 639
00128.172	00128.372	00128.572	00128.772	00128.972	00129.172	00129.372	00129.572	cell = 640 to 647
00129.772	00129.972	00130.172	00130.372	00130.573	00130.773	00130.973	00131.173	cell = 648 to 655
00131.373	00131.573	00131.773	00131.973	00132.173	00132.373	00132.574	00132.774	cell = 656 to 663
00132.974	00133.173	00133.373	00133.573	00133.772	00133.972	00134.171	00134.371	cell = 664 to 671
00134.571	00134.770	00134.970	00135.170	00135.369	00135.569	00135.768	00135.967	cell = 672 to 679
00136.166	00136.366	00136.565	00136.763	00136.962	00137.161	00137.359	00137.558	cell = 680 to 687
00137.757	00137.956	00138.155	00138.354	00138.553	00138.753	00138.952	00139.151	cell = 688 to 695
00139.350	00139.550	00139.749	00139.949	00140.148	00140.348	00140.547	00140.746	cell = 696 to 703
00140.946	00141.145	00141.345	00141.545	00141.745	00141.944	00142.144	00142.344	cell = 704 to 711
00142.544	00142.744	00142.944	00143.144	00143.344	00143.545	00143.745	00143.945	cell = 712 to 719
00144.145	00144.346	00144.546	00144.746	00144.946	00145.146	00145.346	00145.546	cell = 720 to 727
00145.746	00145.947	00146.147	00146.347	00146.547	00146.747	00146.947	00147.147	cell = 728 to 735
00147.347	00147.547	00147.746	00147.946	00148.146	00148.346	00148.546	00148.746	cell = 736 to 743
00148.946	00149.145	00149.345	00149.544	00149.744	00149.943	00150.143	00150.342	cell = 744 to 751
00150.542	00150.741	00150.940	00151.139	00151.338	00151.537	00151.736	00151.936	cell = 752 to 759
00152.135	00152.334	00152.534	00152.733	00152.932	00153.132	00153.331	00153.531	cell = 760 to 767
00153.731	00153.931	00154.131	00154.330	00154.530	00154.730	00154.930	00155.129	cell = 768 to 775
00155.329	00155.529	00155.729	00155.929	00156.129	00156.329	00156.529	00156.729	cell = 776 to 783
00156.929	00157.129	00157.329	00157.529	00157.729	00157.929	00158.129	00158.329	cell = 784 to 791
00158.529	00158.729	00158.928	00159.128	00159.328	00159.527	00159.727	00159.926	cell = 792 to 799
00160.126	00160.326	00160.525	00160.725	00160.925	00161.124	00161.324	00161.524	cell = 800 to 807
00161.724	00161.925	00162.125	00162.325	00162.526	00162.726	00162.926	00163.127	cell = 808 to 815
00163.327	00163.527	00163.728	00163.928	00164.128	00164.329	00164.529	00164.730	cell = 816 to 823
00164.930	00165.130	00165.331	00165.531	00165.732	00165.932	00166.133	00166.333	cell = 824 to 831
00166.534	00166.735	00166.935	00167.135	00167.336	00167.536	00167.736	00167.937	cell = 832 to 839
00168.137	00168.337	00168.537	00168.737	00168.937	00169.137	00169.337	00169.537	cell = 840 to 847
00169.736	00169.936	00170.136	00170.336	00170.536	00170.735	00170.935	00171.135	cell = 848 to 855
00171.335	00171.535	00171.735	00171.934	00172.134	00172.333	00172.533	00172.732	cell = 856 to 863
00172.931	00173.130	00173.329	00173.527	00173.726	00173.925	00174.124	00174.322	cell = 864 to 871
00174.521	00174.720	00174.918	00175.117	00175.316	00175.514	00175.713	00175.911	cell = 872 to 879
00176.110	00176.309	00176.508	00176.707	00176.906	00177.105	00177.304	00177.503	cell = 880 to 887
00177.702	00177.900	00178.099	00178.298	00178.497	00178.696	00178.894	00179.093	cell = 888 to 895
00179.292	00179.490	00179.689	00179.888	00180.086	00180.284	00180.483	00180.681	cell = 896 to 903
00180.880	00181.078	00181.276	00181.474	00181.672	00181.870	00182.068	00182.266	cell = 904 to 911
00182.464	00182.663	00182.861	00183.059	00183.258	00183.456	00183.655	00183.853	cell = 912 to 919
00184.052	00184.251	00184.450	00184.649	00184.848	00185.048	00185.247	00185.446	cell = 920 to 927
00185.645	00185.844	00186.043	00186.241	00186.440	00186.639	00186.838	00187.037	cell = 928 to 935
00187.236	00187.435	00187.633	00187.832	00188.031	00188.230	00188.429	00188.629	cell = 936 to 943
00188.828	00189.027	00189.226	00189.425	00189.624	00189.824	00190.023	00190.222	cell = 944 to 951
00190.421	00190.620	00190.819	00191.018	00191.217	00191.417	00191.616	00191.815	cell = 952 to 959
00192.014	00192.214	00192.413	00192.612	00192.811	00193.011	00193.211	00193.411	cell = 960 to 967
00193.611	00193.810	00194.010	00194.210	00194.410	00194.610	00194.810	00195.009	cell = 968 to 975
00195.209	00195.409	00195.609	00195.808	00196.008	00196.207	00196.407	00196.606	cell = 976 to 983
00196.805	00197.005	00197.204	00197.404	00197.603	00197.802	00198.002	00198.202	cell = 984 to 991
00198.402	00198.602	00198.802	00199.003	00199.203	00199.404	00199.604	00199.805	cell = 992 to 999
00200.005	00200.206	00200.407	00200.608	00200.809	00201.010	00201.211	00201.412	cell = 1000 to 1007
00201.613	00201.813	00202.014	00202.214	00202.413	00202.613	00202.813	00203.012	cell = 1008 to 1015
00203.211	00203.410	00203.610	00203.809	00204.007	00204.205	00204.404	00204.602	cell = 1016 to 1023
