Calibration values from cell 0 to 1024 for channel 0:

66	2	43	-10	31	8	22	19	cell = 0 to 7
64	-6	48	-25	19	-1	30	-4	cell = 8 to 15
36	13	93	-13	27	-5	30	-19	cell = 16 to 23
50	-9	50	-2	35	21	35	35	cell = 24 to 31
49	20	62	8	33	-10	37	-3	cell = 32 to 39
18	1	126	9	80	-8	95	0	cell = 40 to 47
81	1	49	18	36	12	55	-36	cell = 48 to 55
36	-26	42	-8	63	-5	35	10	cell = 56 to 63
57	42	55	-29	12	30	58	-5	cell = 64 to 71
14	-21	90	-35	-3	-16	35	-27	cell = 72 to 79
-8	-10	29	9	58	31	52	0	cell = 80 to 87
46	-4	16	-17	41	-9	62	-1	cell = 88 to 95
45	24	62	10	73	-36	37	-27	cell = 96 to 103
13	19	6	16	55	-3	20	19	cell = 104 to 111
63	-11	48	37	46	-31	74	-33	cell = 112 to 119
37	-18	20	-24	65	-11	30	-33	cell = 120 to 127
46	12	78	-3	23	-23	43	-22	cell = 128 to 135
14	10	61	5	55	-42	28	4	cell = 136 to 143
-3	-21	42	-10	6	48	57	30	cell = 144 to 151
41	-36	30	-22	25	-52	35	8	cell = 152 to 159
2	-18	39	-31	21	2	28	2	cell = 160 to 167
36	11	90	-56	11	-13	27	-14	cell = 168 to 175
69	-13	25	-15	45	-26	59	-13	cell = 176 to 183
25	16	8	11	51	-16	43	-18	cell = 184 to 191
30	-1	40	9	72	47	48	-2	cell = 192 to 199
5	-7	36	3	69	0	44	-17	cell = 200 to 207
45	-36	79	-10	24	-13	45	21	cell = 208 to 215
25	8	56	-16	16	16	28	33	cell = 216 to 223
34	-4	25	0	28	6	99	6	cell = 224 to 231
-2	-26	46	-54	51	-18	72	31	cell = 232 to 239
45	26	69	-19	74	-17	43	-18	cell = 240 to 247
50	32	69	-36	70	51	21	27	cell = 248 to 255
37	14	89	10	-5	-32	42	37	cell = 256 to 263
44	4	48	-69	45	-4	53	-16	cell = 264 to 271
48	7	112	8	41	-35	46	8	cell = 272 to 279
42	-12	7	-8	91	-16	80	4	cell = 280 to 287
54	0	19	-22	98	-61	41	25	cell = 288 to 295
52	4	1	-25	24	-21	11	-21	cell = 296 to 303
45	10	54	-19	33	-7	35	14	cell = 304 to 311
29	13	44	-45	42	-19	37	39	cell = 312 to 319
58	-13	35	-1	22	-9	39	-12	cell = 320 to 327
55	-6	60	21	35	24	68	0	cell = 328 to 335
43	28	-5	1	-3	-23	38	-51	cell = 336 to 343
55	-14	44	-10	24	-21	37	-4	cell = 344 to 351
51	1	17	43	0	13	39	-12	cell = 352 to 359
27	20	37	2	31	8	65	-65	cell = 360 to 367
33	-21	53	-23	3	13	91	13	cell = 368 to 375
69	15	52	-6	17	-9	45	0	cell = 376 to 383
65	7	41	-18	34	0	79	10	cell = 384 to 391
118	-2	28	0	59	-1	32	8	cell = 392 to 399
36	-10	87	-9	43	-6	27	-34	cell = 400 to 407
83	22	40	-11	36	3	47	-26	cell = 408 to 415
59	33	33	-5	20	-27	63	-12	cell = 416 to 423
53	12	58	-16	13	9	30	-53	cell = 424 to 431
52	7	57	20	31	-14	1	16	cell = 432 to 439
64	-24	11	-4	48	-30	20	25	cell = 440 to 447
40	0	14	45	52	-19	32	-35	cell = 448 to 455
1	-10	59	-34	35	33	48	-31	cell = 456 to 463
-5	-3	43	-14	33	-19	63	-45	cell = 464 to 471
32	0	34	-35	71	-6	49	-14	cell = 472 to 479
26	-3	31	40	26	-3	45	-23	cell = 480 to 487
31	28	21	-27	42	15	55	-8	cell = 488 to 495
58	0	-62	-65	-30	-40	-15	-51	cell = 496 to 503
37	-19	19	-21	49	27	44	-35	cell = 504 to 511
-53	-13	-26	-10	-72	6	-25	-73	cell = 512 to 519
-37	-31	-42	-16	-43	-25	-31	-28	cell = 520 to 527
-38	13	-46	-78	-19	-21	-26	-41	cell = 528 to 535
-29	-35	9	-11	-80	-44	26	16	cell = 536 to 543
-21	-58	-27	-29	-32	-11	2	-14	cell = 544 to 551
0	5	-10	-18	38	3	-40	19	cell = 552 to 559
-26	-59	-2	-5	-4	-23	-30	-35	cell = 560 to 567
-18	-27	-15	-12	-4	-59	-19	-43	cell = 568 to 575
18	8	-32	-13	8	-43	0	-31	cell = 576 to 583
-54	-44	-48	-62	-46	-43	-27	-20	cell = 584 to 591
-13	-53	-22	6	-30	-36	26	-44	cell = 592 to 599
-35	-51	-23	-17	-3	-33	-20	-11	cell = 600 to 607
-40	-37	-14	19	-25	-26	-14	-35	cell = 608 to 615
-40	-46	-12	-33	-12	7	3	-1	cell = 616 to 623
-32	-16	-38	5	-38	-42	-13	-18	cell = 624 to 631
-31	-14	4	5	-10	6	-16	-16	cell = 632 to 639
-45	-38	17	-19	-42	-15	-49	-26	cell = 640 to 647
0	-11	-1	-1	-37	-13	-4	-51	cell = 648 to 655
-42	-23	2	-3	-14	-14	0	-35	cell = 656 to 663
-30	-22	4	-41	-46	-3	-1	-32	cell = 664 to 671
-47	-32	-56	10	-4	29	15	-26	cell = 672 to 679
-32	-16	-32	-72	-8	-45	-16	-30	cell = 680 to 687
11	-72	-37	6	-3	28	-13	-31	cell = 688 to 695
-4	-37	-19	-18	-25	-10	32	-32	cell = 696 to 703
-27	-2	-49	-14	-30	-14	-30	-66	cell = 704 to 711
-35	0	-14	-17	24	-33	25	30	cell = 712 to 719
-2	31	-24	-20	-12	-24	-12	-53	cell = 720 to 727
-16	-35	-30	-51	-13	-7	-54	-14	cell = 728 to 735
-19	-16	-49	19	-30	-15	-48	-34	cell = 736 to 743
9	-37	10	-63	17	35	-19	25	cell = 744 to 751
21	-34	-10	-3	12	-3	-9	-42	cell = 752 to 759
4	-17	-63	-17	-47	-55	-8	-9	cell = 760 to 767
7	-25	6	5	12	-14	-21	5	cell = 768 to 775
-20	-46	17	-2	-6	33	-36	-16	cell = 776 to 783
48	-35	-25	-33	-6	-40	-24	24	cell = 784 to 791
9	-69	-32	24	8	-42	12	-7	cell = 792 to 799
-15	-18	1	-49	-10	-15	-24	6	cell = 800 to 807
-48	29	-13	20	-31	-56	-43	-28	cell = 808 to 815
-22	-17	11	-13	-15	-25	-30	6	cell = 816 to 823
-13	-68	-46	-7	-32	-39	-14	8	cell = 824 to 831
-40	15	-13	-22	-29	-15	-26	-25	cell = 832 to 839
-10	-36	-35	-10	-13	3	0	-40	cell = 840 to 847
-12	3	6	-3	-10	1	-16	-24	cell = 848 to 855
47	-28	-6	-18	28	-11	-75	12	cell = 856 to 863
7	-8	-9	-30	-16	-12	-49	-19	cell = 864 to 871
-31	-33	-24	4	-2	-36	-41	-5	cell = 872 to 879
-68	27	-6	0	-19	-51	-27	18	cell = 880 to 887
-33	-12	-17	-68	-7	3	-24	-16	cell = 888 to 895
18	-51	-33	-29	-29	-40	-41	34	cell = 896 to 903
-43	-46	-53	-40	-23	-8	-26	-53	cell = 904 to 911
-49	-28	-37	5	-32	-3	6	7	cell = 912 to 919
-8	-34	2	-28	-37	-23	17	2	cell = 920 to 927
-45	-56	-14	-9	-46	-36	11	9	cell = 928 to 935
-35	11	17	54	-40	35	-9	-17	cell = 936 to 943
-36	-24	-50	-52	-64	-63	-9	-32	cell = 944 to 951
-1	-6	-47	-71	-3	-5	-11	-17	cell = 952 to 959
-19	-11	-53	-16	-51	-23	-2	23	cell = 960 to 967
-30	-26	-22	24	-21	-48	41	17	cell = 968 to 975
-28	0	5	-25	-10	-59	38	-9	cell = 976 to 983
-10	5	-10	34	-5	-63	-32	39	cell = 984 to 991
-50	-47	-53	-31	-4	-5	-37	-37	cell = 992 to 999
-30	-11	-5	-11	-54	25	1	-23	cell = 1000 to 1007
5	-9	-51	-11	-3	-49	-40	7	cell = 1008 to 1015
15	-29	28	23	-49	-9	-34	-28	cell = 1016 to 1023
Calibration values from cell 0 to 1024 for channel 1:

23	-2	32	-18	20	-27	40	-14	cell = 0 to 7
49	-8	28	6	32	8	77	-8	cell = 8 to 15
29	12	59	13	24	17	14	-54	cell = 16 to 23
45	29	39	0	35	-7	41	-24	cell = 24 to 31
23	-24	85	14	-5	22	59	-20	cell = 32 to 39
56	3	27	14	28	21	28	-12	cell = 40 to 47
42	-9	64	-45	67	44	-6	-19	cell = 48 to 55
68	21	59	-9	18	-5	36	-30	cell = 56 to 63
56	-47	49	-37	46	17	28	-13	cell = 64 to 71
23	-11	40	-2	44	13	88	-5	cell = 72 to 79
39	12	37	6	47	-24	62	13	cell = 80 to 87
70	-19	34	-14	52	9	31	-47	cell = 88 to 95
75	-7	26	10	31	0	71	3	cell = 96 to 103
10	20	31	-10	28	-60	56	-30	cell = 104 to 111
44	14	94	2	32	18	50	3	cell = 112 to 119
48	22	77	-7	50	-5	62	20	cell = 120 to 127
32	-8	33	-19	53	10	14	-33	cell = 128 to 135
31	4	8	8	54	7	66	-4	cell = 136 to 143
30	0	42	19	38	39	43	-21	cell = 144 to 151
25	8	20	4	32	-20	27	-8	cell = 152 to 159
54	-26	57	17	71	5	35	-31	cell = 160 to 167
39	-18	15	-5	82	-13	50	-26	cell = 168 to 175
21	3	35	2	18	-63	26	-12	cell = 176 to 183
41	-6	67	-12	57	-20	7	3	cell = 184 to 191
10	-44	75	-40	60	-17	55	-10	cell = 192 to 199
91	5	67	13	46	0	29	-10	cell = 200 to 207
50	-13	48	-16	88	20	29	-13	cell = 208 to 215
67	2	-6	-17	47	-10	72	-43	cell = 216 to 223
78	-11	70	-20	97	-8	16	-41	cell = 224 to 231
36	11	60	-3	37	-3	47	11	cell = 232 to 239
61	12	35	-8	33	-4	86	6	cell = 240 to 247
69	-7	30	-32	62	-5	34	-39	cell = 248 to 255
24	-13	86	-32	30	-28	44	-3	cell = 256 to 263
3	-58	16	-51	10	-42	100	27	cell = 264 to 271
59	-23	57	-48	57	-23	39	-17	cell = 272 to 279
45	3	28	-14	39	-29	-7	-20	cell = 280 to 287
54	17	62	24	57	-13	15	-33	cell = 288 to 295
28	2	17	-40	41	35	15	-31	cell = 296 to 303
17	36	5	-15	34	-9	40	13	cell = 304 to 311
71	-29	49	-10	44	-31	21	-33	cell = 312 to 319
47	-30	11	-29	24	-49	22	-22	cell = 320 to 327
52	1	60	-11	25	-7	16	-1	cell = 328 to 335
25	28	74	12	20	-34	66	17	cell = 336 to 343
45	-12	71	-39	48	-9	50	-2	cell = 344 to 351
56	-19	70	-30	55	-12	51	26	cell = 352 to 359
14	0	70	-37	47	3	69	11	cell = 360 to 367
116	-8	39	-2	30	20	40	12	cell = 368 to 375
48	16	26	8	82	3	45	1	cell = 376 to 383
61	25	26	-30	53	-9	59	-48	cell = 384 to 391
33	11	34	5	43	-16	42	-32	cell = 392 to 399
36	6	33	-30	48	-23	24	0	cell = 400 to 407
52	9	27	2	62	-24	63	-52	cell = 408 to 415
0	18	28	-16	44	-5	54	-9	cell = 416 to 423
101	-6	54	-28	43	6	13	-19	cell = 424 to 431
51	10	36	-23	71	14	69	21	cell = 432 to 439
33	31	16	-5	22	-5	64	-10	cell = 440 to 447
76	-7	39	-15	49	-22	41	17	cell = 448 to 455
17	-1	19	-17	44	-9	62	-33	cell = 456 to 463
55	-7	93	-7	54	-10	18	-15	cell = 464 to 471
-12	-23	56	-3	51	-38	17	8	cell = 472 to 479
53	29	90	-27	34	-25	76	-44	cell = 480 to 487
26	9	73	38	51	12	53	-6	cell = 488 to 495
8	-35	-20	-110	-1	-98	-52	-76	cell = 496 to 503
53	7	48	-19	-3	-15	52	15	cell = 504 to 511
-30	7	-23	32	-15	-14	-12	-13	cell = 512 to 519
-35	-31	-34	9	-7	5	-21	-33	cell = 520 to 527
-14	29	-38	-25	-19	-28	-19	-26	cell = 528 to 535
-19	-48	10	4	-12	59	-11	-10	cell = 536 to 543
-47	-47	-3	-16	-13	8	11	-41	cell = 544 to 551
12	-54	-51	-28	0	-40	-3	14	cell = 552 to 559
-1	7	-33	-12	-27	-26	16	-45	cell = 560 to 567
17	-42	-42	28	-16	-16	-27	-41	cell = 568 to 575
-24	-38	-16	-32	-16	-1	-24	-36	cell = 576 to 583
-13	-21	12	-27	-6	2	-31	8	cell = 584 to 591
19	-9	-29	-14	-35	-21	-29	-9	cell = 592 to 599
-16	-38	-46	-32	1	-7	-44	30	cell = 600 to 607
7	-9	-25	-36	-36	-17	-15	21	cell = 608 to 615
-7	-29	-10	25	-20	-2	1	-49	cell = 616 to 623
4	-39	-20	-41	-28	-37	-38	23	cell = 624 to 631
-27	-10	20	13	6	25	6	-31	cell = 632 to 639
-43	-53	-47	-26	3	-19	-32	-37	cell = 640 to 647
-1	-29	-38	-33	-26	-37	7	-43	cell = 648 to 655
-38	-18	29	13	-13	-31	-56	-14	cell = 656 to 663
-35	-58	-15	-40	-41	-17	-63	-15	cell = 664 to 671
18	-9	-33	-11	2	-5	-39	-4	cell = 672 to 679
-37	-4	-14	-17	-34	-1	37	-48	cell = 680 to 687
13	-13	-3	-25	16	-51	28	-40	cell = 688 to 695
15	-16	-30	-4	-91	-21	-25	-23	cell = 696 to 703
4	-18	-23	-15	-25	21	1	-29	cell = 704 to 711
17	-13	-8	-46	-37	-5	-22	24	cell = 712 to 719
-25	-17	11	45	-13	-19	9	-9	cell = 720 to 727
-24	-5	-19	-16	-7	-25	-33	9	cell = 728 to 735
28	-16	-27	21	-33	-27	-46	11	cell = 736 to 743
42	-14	-33	-2	-44	-47	-4	-32	cell = 744 to 751
-47	7	-19	-24	-73	12	-10	15	cell = 752 to 759
-11	-54	-21	-31	-11	-39	-26	-51	cell = 760 to 767
-50	-40	-15	-44	4	14	10	-31	cell = 768 to 775
4	-16	-8	15	9	-30	-25	-44	cell = 776 to 783
22	12	-43	25	7	-19	6	-14	cell = 784 to 791
-59	22	-52	-1	11	-22	-33	-17	cell = 792 to 799
-35	-15	-30	-20	-20	-38	-6	-20	cell = 800 to 807
5	23	-32	-43	-61	-5	-51	-26	cell = 808 to 815
-16	-6	-14	32	-7	-9	-65	-9	cell = 816 to 823
-30	-41	3	-8	-6	-11	-33	-7	cell = 824 to 831
-7	-66	-12	-1	-4	-18	-28	-18	cell = 832 to 839
-28	-25	-34	24	8	-25	-25	-73	cell = 840 to 847
-13	-42	-26	-50	-44	-40	-16	5	cell = 848 to 855
17	-2	-38	7	-24	-24	-14	-30	cell = 856 to 863
-13	-51	-7	21	-29	-11	-44	-26	cell = 864 to 871
-49	-18	0	-7	-18	-15	-27	15	cell = 872 to 879
-35	14	4	-60	-20	-34	-49	4	cell = 880 to 887
-15	-2	-36	-22	-26	1	0	-46	cell = 888 to 895
-66	17	-34	-40	-42	15	-16	-6	cell = 896 to 903
-25	-22	-58	5	-7	-10	-73	-16	cell = 904 to 911
-3	4	-32	-36	10	10	-7	-19	cell = 912 to 919
-13	-20	-8	-21	-2	-29	28	-51	cell = 920 to 927
-9	-56	5	-17	-28	-37	-2	12	cell = 928 to 935
-33	-16	6	7	-33	-2	-66	11	cell = 936 to 943
42	-24	-5	-23	-11	-45	21	-2	cell = 944 to 951
8	-22	-67	-46	-20	-12	-21	-59	cell = 952 to 959
-32	-27	-16	-12	-26	-60	18	-43	cell = 960 to 967
-6	-24	-44	-21	-26	-43	-44	-10	cell = 968 to 975
-19	-43	-42	-29	-53	-27	11	14	cell = 976 to 983
-27	-36	-30	33	-7	-67	-2	-38	cell = 984 to 991
14	-16	-35	30	-28	-51	-6	11	cell = 992 to 999
-3	-20	-19	-18	-6	-14	-3	-53	cell = 1000 to 1007
-45	13	-17	9	-56	-49	6	0	cell = 1008 to 1015
-41	-41	-13	-23	-28	9	-5	-41	cell = 1016 to 1023
Calibration values from cell 0 to 1024 for channel 2:

82	-28	60	-22	33	-17	45	24	cell = 0 to 7
62	-13	77	1	15	-7	13	-44	cell = 8 to 15
42	-44	21	-11	46	10	0	2	cell = 16 to 23
50	6	14	16	29	-20	46	1	cell = 24 to 31
30	-15	5	-17	52	-4	78	-2	cell = 32 to 39
12	13	32	-13	59	-16	52	-2	cell = 40 to 47
62	16	73	-23	26	-20	80	-24	cell = 48 to 55
29	-34	71	-3	53	-23	47	-2	cell = 56 to 63
40	-38	20	-38	43	-28	32	-27	cell = 64 to 71
41	18	29	4	60	12	64	-13	cell = 72 to 79
22	8	76	-24	36	4	53	7	cell = 80 to 87
77	45	27	5	15	-10	51	-42	cell = 88 to 95
7	-11	12	-27	44	-7	44	12	cell = 96 to 103
57	-14	85	1	39	-3	63	-29	cell = 104 to 111
58	-28	43	-70	61	9	58	17	cell = 112 to 119
69	17	49	-42	18	9	62	-32	cell = 120 to 127
74	27	17	-13	3	-5	38	2	cell = 128 to 135
19	-12	27	-18	44	-5	34	-19	cell = 136 to 143
62	20	21	-12	56	-12	56	-15	cell = 144 to 151
10	14	24	-16	24	-27	47	5	cell = 152 to 159
60	-22	21	-26	33	-22	18	-32	cell = 160 to 167
96	39	26	-34	42	-19	15	2	cell = 168 to 175
51	5	49	33	45	-20	20	15	cell = 176 to 183
39	-25	52	26	23	5	20	-64	cell = 184 to 191
31	16	49	27	59	-45	65	-3	cell = 192 to 199
37	-48	61	18	89	-18	34	57	cell = 200 to 207
64	-13	24	6	36	-18	7	22	cell = 208 to 215
46	14	81	-9	18	2	52	-4	cell = 216 to 223
9	-3	26	3	40	-3	57	-35	cell = 224 to 231
42	-4	15	12	46	-6	70	-18	cell = 232 to 239
16	30	26	-16	30	5	25	-9	cell = 240 to 247
27	-38	51	27	20	-52	36	-11	cell = 248 to 255
60	-42	58	-32	-3	-58	85	-11	cell = 256 to 263
52	-6	49	-26	14	10	34	-19	cell = 264 to 271
44	-11	36	-29	65	-15	41	0	cell = 272 to 279
51	-2	26	-24	29	12	73	0	cell = 280 to 287
72	19	73	-16	84	12	23	-25	cell = 288 to 295
53	-10	96	-23	46	-18	45	-14	cell = 296 to 303
31	-17	18	-17	60	-21	79	-26	cell = 304 to 311
20	50	54	8	96	25	23	-10	cell = 312 to 319
68	-20	35	-42	58	-43	47	7	cell = 320 to 327
29	-19	39	-8	18	2	40	-32	cell = 328 to 335
66	20	62	-64	74	22	24	-2	cell = 336 to 343
60	-25	86	-14	78	-22	51	11	cell = 344 to 351
23	-25	60	-38	41	-31	0	-31	cell = 352 to 359
27	22	78	-40	40	33	44	-12	cell = 360 to 367
74	40	11	-12	91	13	42	-21	cell = 368 to 375
69	-37	93	-11	23	-39	52	-9	cell = 376 to 383
28	-26	60	-2	32	10	38	19	cell = 384 to 391
19	-15	13	-11	53	-3	55	-16	cell = 392 to 399
53	-11	62	-24	25	-8	46	-15	cell = 400 to 407
16	-5	35	-9	43	-12	89	4	cell = 408 to 415
74	-22	14	-9	0	0	64	-3	cell = 416 to 423
47	44	1	-2	8	-43	88	8	cell = 424 to 431
73	-9	-14	-17	69	2	67	13	cell = 432 to 439
52	-31	29	5	32	-12	32	8	cell = 440 to 447
25	-49	48	-16	19	-4	59	23	cell = 448 to 455
34	24	30	-33	46	4	51	1	cell = 456 to 463
40	-16	19	2	6	-11	50	-3	cell = 464 to 471
56	-25	67	-2	33	-47	30	-2	cell = 472 to 479
25	16	18	19	85	-30	71	-9	cell = 480 to 487
29	-20	68	-35	44	-12	19	3	cell = 488 to 495
18	-3	22	-94	-17	-70	-37	-48	cell = 496 to 503
92	-21	23	16	42	-20	21	-15	cell = 504 to 511
-19	-18	-25	17	-19	-19	-8	-24	cell = 512 to 519
1	-18	22	-25	18	10	-17	-34	cell = 520 to 527
-46	4	-10	-2	-26	15	31	-24	cell = 528 to 535
17	25	-26	13	-25	-6	-25	19	cell = 536 to 543
-18	-42	16	-58	4	-26	-22	-3	cell = 544 to 551
10	-2	-2	8	-49	-43	-25	0	cell = 552 to 559
-2	-11	-35	-10	-21	-4	-21	-25	cell = 560 to 567
8	3	-41	-16	-11	-23	-19	-3	cell = 568 to 575
-28	-33	-18	-1	-72	12	-10	-77	cell = 576 to 583
-17	-34	-38	-32	-4	-34	-11	-3	cell = 584 to 591
-1	-47	-21	-29	-43	-50	3	-47	cell = 592 to 599
-3	-24	-38	-38	-28	-15	-24	-39	cell = 600 to 607
-7	11	-5	-8	-35	8	-52	12	cell = 608 to 615
-2	-5	21	4	-21	-5	-15	3	cell = 616 to 623
4	-25	-29	-4	-34	14	-34	-10	cell = 624 to 631
-52	-35	-17	-17	-36	3	42	-20	cell = 632 to 639
25	1	-24	33	4	-7	-26	-67	cell = 640 to 647
-1	2	-7	-17	13	-3	-39	0	cell = 648 to 655
11	-16	-28	-12	-15	-16	-21	27	cell = 656 to 663
-8	9	-8	-7	-11	-28	-13	-23	cell = 664 to 671
-45	-17	6	-14	-36	-29	-71	10	cell = 672 to 679
-4	1	-54	6	-42	-33	-18	-3	cell = 680 to 687
-8	-20	7	19	-16	-15	-6	-31	cell = 688 to 695
-5	-4	29	14	4	-12	-28	-36	cell = 696 to 703
-21	-25	-12	-10	-17	-9	-7	-27	cell = 704 to 711
-10	-8	-14	-18	-23	-42	-21	-8	cell = 712 to 719
-44	-21	-6	-1	-25	-33	-42	-33	cell = 720 to 727
-45	-67	8	13	-25	-21	-29	35	cell = 728 to 735
-20	3	-19	11	-13	-1	-38	15	cell = 736 to 743
-10	8	-34	-15	-11	-76	-28	12	cell = 744 to 751
19	-37	17	-10	-19	-3	-64	-2	cell = 752 to 759
-25	7	-13	-27	-62	-12	-2	-45	cell = 760 to 767
-32	-31	0	-7	-53	-37	-73	4	cell = 768 to 775
-16	-30	-22	-11	-2	-36	2	3	cell = 776 to 783
8	-28	-47	-29	-56	-28	-27	-32	cell = 784 to 791
5	-17	-24	-44	0	-13	-23	-56	cell = 792 to 799
-32	-9	-34	-50	-8	-48	-43	-42	cell = 800 to 807
-20	-26	3	-44	-44	-24	-5	-33	cell = 808 to 815
14	-40	-54	-47	-6	-27	-24	-19	cell = 816 to 823
8	-80	-34	-19	-45	-45	-28	-24	cell = 824 to 831
-21	14	3	-31	-14	-32	23	-3	cell = 832 to 839
8	-58	-22	0	1	-9	-21	-14	cell = 840 to 847
-17	-16	-11	-33	-21	5	-7	-11	cell = 848 to 855
-8	-55	-56	-11	-11	12	-5	-30	cell = 856 to 863
-28	-2	-27	-18	-61	33	-2	11	cell = 864 to 871
-17	-21	19	11	10	-26	-10	-7	cell = 872 to 879
3	-31	-18	12	-44	-10	-37	-20	cell = 880 to 887
-9	-25	-17	31	-19	-7	-36	-43	cell = 888 to 895
16	-22	-18	23	-24	-2	5	-9	cell = 896 to 903
-30	-24	13	47	-4	-29	-34	22	cell = 904 to 911
-38	-26	-16	21	-9	9	-10	-20	cell = 912 to 919
-38	5	9	-22	14	-53	-79	-66	cell = 920 to 927
1	-36	-15	-11	-22	-23	-26	6	cell = 928 to 935
-52	45	-14	10	-34	-44	-9	-23	cell = 936 to 943
6	-44	-40	-56	-11	-33	-31	-38	cell = 944 to 951
-25	-23	-6	-18	-13	-15	-17	-61	cell = 952 to 959
-38	-46	-30	-26	-3	-35	-4	10	cell = 960 to 967
45	2	-48	-7	-30	22	-16	-30	cell = 968 to 975
20	-37	-22	-25	-55	-9	-60	-41	cell = 976 to 983
-15	-31	-17	-62	-13	-39	-6	27	cell = 984 to 991
-27	12	-26	5	-17	-12	-10	0	cell = 992 to 999
-28	0	-35	-15	-31	-40	-36	-36	cell = 1000 to 1007
-32	-18	-63	-46	-29	-13	-19	-9	cell = 1008 to 1015
-14	-27	-5	27	0	-9	-13	-4	cell = 1016 to 1023
Calibration values from cell 0 to 1024 for channel 3:

17	-22	97	-41	56	-9	36	-1	cell = 0 to 7
15	9	46	-12	21	-46	54	-48	cell = 8 to 15
78	-15	73	-18	33	-8	36	-5	cell = 16 to 23
3	-22	35	-5	54	-3	35	-22	cell = 24 to 31
60	13	38	-16	44	30	17	-34	cell = 32 to 39
55	-12	32	14	40	-27	62	-6	cell = 40 to 47
37	-2	57	40	68	23	26	-50	cell = 48 to 55
60	3	14	-26	57	-44	22	-3	cell = 56 to 63
42	12	25	-21	46	-27	44	16	cell = 64 to 71
20	-27	-4	-33	34	46	29	-12	cell = 72 to 79
18	27	22	-14	26	-15	58	-21	cell = 80 to 87
56	0	78	20	34	5	53	-8	cell = 88 to 95
47	14	100	-28	42	1	37	-28	cell = 96 to 103
51	-51	44	8	38	20	80	-34	cell = 104 to 111
58	-10	72	-45	60	-3	26	-36	cell = 112 to 119
22	-23	20	16	35	3	52	-10	cell = 120 to 127
34	11	72	-24	58	12	52	-22	cell = 128 to 135
43	1	56	27	22	30	68	-19	cell = 136 to 143
61	12	55	-18	76	3	86	9	cell = 144 to 151
70	-39	59	0	29	-5	95	-5	cell = 152 to 159
33	4	68	17	27	-7	25	-2	cell = 160 to 167
-32	46	45	-26	66	-11	46	-13	cell = 168 to 175
46	-23	50	-35	61	2	56	-22	cell = 176 to 183
58	-15	54	-12	57	-2	47	-27	cell = 184 to 191
47	-17	91	-61	63	-26	47	-13	cell = 192 to 199
58	37	60	0	48	-11	77	27	cell = 200 to 207
60	-6	60	8	42	5	42	-14	cell = 208 to 215
40	17	80	19	64	-19	83	-17	cell = 216 to 223
63	-39	22	-15	49	35	37	-20	cell = 224 to 231
33	33	40	13	64	-39	52	-2	cell = 232 to 239
71	9	58	-33	46	-28	-14	-40	cell = 240 to 247
42	27	57	-15	75	-4	31	4	cell = 248 to 255
23	6	66	4	33	29	14	-14	cell = 256 to 263
42	-21	29	-43	48	-41	32	18	cell = 264 to 271
3	16	56	-35	56	-30	64	-29	cell = 272 to 279
53	-1	18	8	38	4	54	-5	cell = 280 to 287
5	-2	41	-23	47	9	33	4	cell = 288 to 295
63	20	65	-38	42	6	16	9	cell = 296 to 303
9	38	28	-4	35	-8	38	38	cell = 304 to 311
30	14	27	-13	23	16	49	-4	cell = 312 to 319
71	34	25	-40	73	-27	14	6	cell = 320 to 327
19	-6	63	-18	88	10	47	16	cell = 328 to 335
69	64	24	0	56	-8	16	-11	cell = 336 to 343
34	-19	54	-9	104	-48	34	-34	cell = 344 to 351
82	-42	7	-15	30	55	33	-13	cell = 352 to 359
23	15	46	0	44	31	19	-17	cell = 360 to 367
23	-1	18	-3	73	-11	5	-19	cell = 368 to 375
25	-19	10	9	36	-23	46	-22	cell = 376 to 383
40	-72	65	-27	62	8	52	-2	cell = 384 to 391
56	-40	75	16	71	23	-3	-43	cell = 392 to 399
46	9	26	-16	67	-28	48	-6	cell = 400 to 407
65	-3	53	-59	61	-19	21	-42	cell = 408 to 415
66	22	9	-4	29	-7	36	24	cell = 416 to 423
16	0	37	1	39	-7	37	29	cell = 424 to 431
71	-7	44	-24	10	-9	4	18	cell = 432 to 439
46	-6	22	0	16	-7	28	-18	cell = 440 to 447
56	-17	16	-32	49	-22	66	6	cell = 448 to 455
16	19	6	-25	79	8	44	6	cell = 456 to 463
78	-36	70	-20	17	34	54	-2	cell = 464 to 471
31	-16	49	14	58	18	46	6	cell = 472 to 479
51	-5	33	12	67	14	66	15	cell = 480 to 487
42	-42	36	-44	1	-14	6	-25	cell = 488 to 495
23	-13	11	-84	-77	-78	-43	-37	cell = 496 to 503
33	6	58	-46	31	23	53	-38	cell = 504 to 511
-14	-61	-10	23	-21	-33	-29	-2	cell = 512 to 519
9	-52	2	-26	-44	0	8	1	cell = 520 to 527
0	-4	-26	1	-11	0	-38	18	cell = 528 to 535
14	-20	-48	-15	-12	-6	18	24	cell = 536 to 543
-56	-14	12	20	-34	-1	-32	5	cell = 544 to 551
-17	-39	20	-4	-28	-30	-30	-27	cell = 552 to 559
-25	0	10	-21	-13	-33	-4	-43	cell = 560 to 567
-20	-4	-10	1	-22	-33	-42	-9	cell = 568 to 575
-20	-38	-32	-26	-4	-26	-22	11	cell = 576 to 583
-4	-24	-38	27	-15	-17	3	0	cell = 584 to 591
-18	1	-10	-11	-20	-28	17	-36	cell = 592 to 599
-14	3	-3	-10	-18	-41	8	-54	cell = 600 to 607
-26	-12	-2	-16	-13	-23	-22	-23	cell = 608 to 615
-2	-15	-3	-17	-15	4	-21	5	cell = 616 to 623
-11	-28	-17	-24	-24	35	-37	-12	cell = 624 to 631
-29	-44	-28	-10	-29	-45	-13	-42	cell = 632 to 639
-15	-24	-43	-39	-43	-35	-26	-7	cell = 640 to 647
-30	39	11	-32	-27	-30	16	7	cell = 648 to 655
-50	-55	3	3	17	13	-10	-31	cell = 656 to 663
-38	-45	12	-7	-16	-37	-21	-53	cell = 664 to 671
-40	19	-4	-41	-23	2	-22	-43	cell = 672 to 679
5	-28	-47	-20	34	-33	-42	1	cell = 680 to 687
-42	-37	-37	-10	-17	-6	-12	-12	cell = 688 to 695
-47	-3	-54	21	-22	-47	20	-18	cell = 696 to 703
-27	-25	-29	26	-23	-46	-28	-8	cell = 704 to 711
-34	-56	-18	10	-52	-22	-40	-42	cell = 712 to 719
-54	-39	-10	-5	-37	-31	-2	30	cell = 720 to 727
-12	-16	-26	-14	-22	-7	5	-43	cell = 728 to 735
-37	-1	0	-26	-25	-18	-37	-29	cell = 736 to 743
-19	-31	-35	-17	1	-31	-17	-12	cell = 744 to 751
-31	-2	-10	-19	-8	-5	2	-22	cell = 752 to 759
-35	-42	6	12	16	25	-35	-61	cell = 760 to 767
-8	-30	-33	-32	17	-41	-16	-39	cell = 768 to 775
-8	-25	-53	-31	-31	17	9	-4	cell = 776 to 783
-41	-3	-37	-12	-23	-27	-12	-20	cell = 784 to 791
-4	0	-11	-47	8	10	-32	27	cell = 792 to 799
10	-22	-52	-19	-31	-28	-64	-15	cell = 800 to 807
0	-6	20	-21	2	-5	-42	-33	cell = 808 to 815
-28	-17	-19	-40	-52	-26	-25	52	cell = 816 to 823
-53	2	-16	-11	-54	-55	0	-35	cell = 824 to 831
-6	-8	-27	-13	-10	-17	-38	-38	cell = 832 to 839
-29	-41	-7	7	-6	-46	-13	-67	cell = 840 to 847
-48	7	-6	-27	-9	-54	-37	1	cell = 848 to 855
11	-22	-20	-34	-13	-25	12	-36	cell = 856 to 863
11	-29	-33	-14	0	-41	-13	24	cell = 864 to 871
26	21	-22	19	-33	-7	22	-19	cell = 872 to 879
24	-41	-13	-51	-50	-21	-33	-9	cell = 880 to 887
30	-6	-48	12	10	-39	-35	-13	cell = 888 to 895
0	1	-30	3	-80	-52	-6	-11	cell = 896 to 903
-10	-26	-17	-15	5	13	-15	-68	cell = 904 to 911
-49	-18	0	-22	-40	-38	-31	0	cell = 912 to 919
2	-9	19	-79	-13	-64	-17	-22	cell = 920 to 927
18	-47	-22	19	-6	-43	-10	-52	cell = 928 to 935
-4	-9	-35	17	19	-11	0	8	cell = 936 to 943
-21	-49	-21	-18	-10	-14	-27	-28	cell = 944 to 951
-30	-46	-9	-61	27	-49	-64	-22	cell = 952 to 959
0	-29	-8	-12	-18	-46	-2	12	cell = 960 to 967
-32	-21	-12	-54	9	-19	7	-17	cell = 968 to 975
-29	-27	-43	-52	-38	-27	-34	-19	cell = 976 to 983
-24	-25	0	-28	-45	-26	-1	-18	cell = 984 to 991
-12	-23	-17	30	-41	-21	-16	-11	cell = 992 to 999
-35	-7	-16	-2	-10	-8	-10	10	cell = 1000 to 1007
-42	-18	-53	-8	-29	-11	-34	-31	cell = 1008 to 1015
12	-10	-53	15	-23	-39	-36	-38	cell = 1016 to 1023
Calibration values from cell 0 to 1024 for channel 4:

58	-28	31	-9	25	3	40	18	cell = 0 to 7
18	15	55	-29	31	-1	50	7	cell = 8 to 15
28	-48	2	0	28	-27	40	-3	cell = 16 to 23
60	23	46	-62	2	-65	48	-10	cell = 24 to 31
46	7	87	29	45	-57	73	-30	cell = 32 to 39
18	-19	34	-37	63	-9	67	-43	cell = 40 to 47
3	-7	45	-33	82	-21	17	17	cell = 48 to 55
29	14	20	-20	73	-18	74	-41	cell = 56 to 63
35	-53	70	-20	36	-44	31	0	cell = 64 to 71
39	14	68	14	57	0	68	-2	cell = 72 to 79
32	-15	36	-12	54	-44	72	-9	cell = 80 to 87
-4	14	40	5	46	-18	16	-5	cell = 88 to 95
53	-45	68	18	30	-10	44	1	cell = 96 to 103
27	-21	54	37	47	-31	26	-23	cell = 104 to 111
54	-38	-3	-24	19	-45	56	-9	cell = 112 to 119
25	-32	69	13	56	18	21	1	cell = 120 to 127
63	-23	16	-15	17	51	17	0	cell = 128 to 135
55	-7	74	18	28	-35	-22	-21	cell = 136 to 143
28	-26	51	-35	14	32	18	11	cell = 144 to 151
60	-8	53	-22	17	30	54	-10	cell = 152 to 159
22	25	36	15	61	50	25	-15	cell = 160 to 167
39	-1	74	18	30	-8	33	4	cell = 168 to 175
75	-11	67	-9	23	13	47	-2	cell = 176 to 183
41	-23	50	16	51	-15	53	-74	cell = 184 to 191
79	6	56	20	25	-11	19	24	cell = 192 to 199
32	-3	57	20	51	8	68	30	cell = 200 to 207
49	-6	21	0	52	-9	64	11	cell = 208 to 215
75	-28	6	-8	14	-44	51	-8	cell = 216 to 223
9	-20	57	-47	54	-12	55	-34	cell = 224 to 231
70	0	26	-33	7	-10	54	-33	cell = 232 to 239
31	-10	1	14	57	23	50	-58	cell = 240 to 247
73	3	39	-19	58	9	44	-6	cell = 248 to 255
40	-10	19	7	0	-6	96	6	cell = 256 to 263
52	-6	85	19	10	16	69	-17	cell = 264 to 271
32	0	28	-6	39	33	82	-9	cell = 272 to 279
23	-23	43	-10	19	-30	-1	-7	cell = 280 to 287
78	-39	66	34	61	-2	62	6	cell = 288 to 295
57	-34	75	34	48	-12	31	-20	cell = 296 to 303
21	33	37	5	42	7	51	-28	cell = 304 to 311
24	-2	25	10	-7	-15	67	-23	cell = 312 to 319
46	-5	32	-18	38	4	82	-16	cell = 320 to 327
8	-2	77	-32	64	-15	51	6	cell = 328 to 335
41	-9	92	-26	79	23	81	-48	cell = 336 to 343
59	-43	55	24	75	20	54	-31	cell = 344 to 351
29	-4	69	10	54	-12	74	-12	cell = 352 to 359
54	-3	22	-30	44	25	51	-24	cell = 360 to 367
40	-6	12	29	55	20	38	19	cell = 368 to 375
52	-24	13	-7	83	24	19	18	cell = 376 to 383
17	-21	16	-10	6	-29	35	-30	cell = 384 to 391
53	-9	86	-68	55	36	67	35	cell = 392 to 399
69	1	59	-4	62	17	53	-20	cell = 400 to 407
66	23	43	45	4	-5	36	-36	cell = 408 to 415
30	46	33	17	45	21	42	23	cell = 416 to 423
41	-28	43	-34	67	-8	66	4	cell = 424 to 431
18	-18	35	2	31	2	62	8	cell = 432 to 439
54	-31	77	-12	49	-10	8	-39	cell = 440 to 447
42	-7	42	18	60	5	41	-20	cell = 448 to 455
48	20	79	8	52	10	43	-43	cell = 456 to 463
24	-60	60	-29	50	-23	51	-13	cell = 464 to 471
69	-10	17	-38	25	-5	65	5	cell = 472 to 479
48	36	41	-38	76	-9	76	-18	cell = 480 to 487
51	-11	22	0	49	20	49	-31	cell = 488 to 495
41	15	-44	-37	-75	-80	-48	-98	cell = 496 to 503
56	-3	61	-7	95	-3	8	-27	cell = 504 to 511
-6	-48	3	-49	-20	-11	18	-22	cell = 512 to 519
-68	1	0	-56	-9	20	-52	-6	cell = 520 to 527
-13	6	-53	14	-13	-76	-28	-42	cell = 528 to 535
-3	-18	12	2	-48	-38	-36	4	cell = 536 to 543
7	-14	21	-9	-2	-47	-18	-36	cell = 544 to 551
-24	15	39	-21	-26	-10	-27	-28	cell = 552 to 559
-56	-18	-61	-24	-23	-39	21	-19	cell = 560 to 567
40	-48	-29	5	25	7	-55	-39	cell = 568 to 575
-16	-10	-1	28	6	-62	-9	-22	cell = 576 to 583
-16	-26	-21	-15	9	-20	19	-29	cell = 584 to 591
17	-59	-31	-25	-38	-13	5	-48	cell = 592 to 599
-21	-42	-15	-47	-2	-4	-8	-1	cell = 600 to 607
-22	-38	-1	-4	-4	-2	-14	-30	cell = 608 to 615
-35	9	-17	-41	-25	-35	23	-8	cell = 616 to 623
-20	5	-29	-52	-18	-57	-31	24	cell = 624 to 631
-15	-55	-41	15	30	34	-28	-34	cell = 632 to 639
-16	23	-16	-9	-6	-35	-40	-34	cell = 640 to 647
5	-58	-21	-37	16	-21	-26	-61	cell = 648 to 655
11	-44	-63	-25	-65	-24	1	16	cell = 656 to 663
-39	-15	12	-19	-3	-5	-42	-31	cell = 664 to 671
0	18	-35	-45	-35	-14	-15	26	cell = 672 to 679
-19	-11	34	-20	-48	-33	-14	-9	cell = 680 to 687
19	-13	-59	-12	3	-20	-57	-2	cell = 688 to 695
-49	13	28	-6	-45	-13	-13	-18	cell = 696 to 703
-59	-1	-19	-28	-26	-51	-19	-5	cell = 704 to 711
-2	-44	-29	-26	-38	29	-16	-14	cell = 712 to 719
-31	-30	-21	2	26	-39	-5	4	cell = 720 to 727
14	-48	-9	3	2	-12	-28	-21	cell = 728 to 735
-18	26	34	-22	13	-9	-16	-9	cell = 736 to 743
18	-24	-35	-1	21	26	20	-46	cell = 744 to 751
-11	-30	-4	-18	-10	10	18	1	cell = 752 to 759
-48	-64	-5	-32	-24	-23	-26	-23	cell = 760 to 767
0	12	-40	-61	-44	-24	-25	-48	cell = 768 to 775
-53	-53	-14	1	-12	-35	-6	7	cell = 776 to 783
-14	-39	-47	-60	-14	-47	-23	25	cell = 784 to 791
-18	-34	-26	-19	-29	5	-14	-2	cell = 792 to 799
-7	-33	-51	-13	-25	-18	-40	-17	cell = 800 to 807
12	-38	4	-20	-38	-51	-27	-5	cell = 808 to 815
-55	-14	-47	-13	-26	21	-20	13	cell = 816 to 823
-35	-24	-7	-47	11	-65	9	-28	cell = 824 to 831
-34	-54	-19	-37	-38	-29	-27	-14	cell = 832 to 839
-13	-40	34	-4	5	20	-17	-39	cell = 840 to 847
-2	-38	22	-14	-12	-48	2	-21	cell = 848 to 855
-14	-52	2	-35	-7	-54	-22	-52	cell = 856 to 863
48	-18	-57	5	-12	-73	-19	-33	cell = 864 to 871
8	0	-16	18	-2	-21	-49	-19	cell = 872 to 879
-10	-11	-22	-39	2	12	-2	-11	cell = 880 to 887
-12	-17	-15	-64	-20	-46	-58	-6	cell = 888 to 895
-46	-50	-52	-18	-24	-71	-47	-33	cell = 896 to 903
-25	-23	2	18	-15	-29	-1	9	cell = 904 to 911
-7	-28	-14	-4	-11	-6	-7	12	cell = 912 to 919
10	-2	-20	-15	-32	-62	-12	-14	cell = 920 to 927
9	-6	-7	-37	42	-47	-19	-10	cell = 928 to 935
30	-54	-16	3	10	-17	7	-16	cell = 936 to 943
18	-32	-36	-37	25	-25	19	-72	cell = 944 to 951
-25	-24	-42	-15	-8	-52	-30	-44	cell = 952 to 959
2	-3	-24	-16	16	-1	-29	-31	cell = 960 to 967
-47	-7	-24	4	16	-13	17	2	cell = 968 to 975
-19	-20	-43	-50	-43	-13	21	-56	cell = 976 to 983
22	-11	3	2	-4	-30	-18	-58	cell = 984 to 991
-41	20	5	10	-34	-13	-16	-27	cell = 992 to 999
-18	-17	0	22	-26	-38	-54	-1	cell = 1000 to 1007
15	-33	-34	-35	-26	-25	-48	-49	cell = 1008 to 1015
-42	-53	-18	-46	-25	-11	-37	-14	cell = 1016 to 1023
Calibration values from cell 0 to 1024 for channel 5:

53	-6	57	-27	25	10	41	3	cell = 0 to 7
-2	-4	28	34	66	3	38	-6	cell = 8 to 15
23	-27	52	-26	74	15	21	16	cell = 16 to 23
7	-28	55	-9	51	-24	44	-32	cell = 24 to 31
58	-14	32	2	21	-8	63	-53	cell = 32 to 39
13	-35	26	-26	35	44	63	-4	cell = 40 to 47
-11	-7	6	2	89	-21	44	-9	cell = 48 to 55
70	20	71	8	46	-81	37	-54	cell = 56 to 63
54	6	36	13	28	-21	33	-18	cell = 64 to 71
38	-18	44	-21	15	-28	73	-21	cell = 72 to 79
37	6	5	4	34	8	-24	-16	cell = 80 to 87
55	-28	53	-22	26	28	46	-22	cell = 88 to 95
39	-13	69	7	49	28	68	-9	cell = 96 to 103
36	-9	66	49	19	-24	56	-32	cell = 104 to 111
38	49	18	1	38	26	32	36	cell = 112 to 119
30	19	76	-16	30	-4	36	-5	cell = 120 to 127
35	-31	47	-8	20	-25	59	6	cell = 128 to 135
32	20	16	10	36	-12	52	-10	cell = 136 to 143
27	11	19	-25	37	13	67	11	cell = 144 to 151
16	12	61	-10	56	13	39	22	cell = 152 to 159
78	3	63	8	27	10	14	-38	cell = 160 to 167
45	-24	42	1	95	-49	57	0	cell = 168 to 175
60	12	35	12	55	-4	9	-4	cell = 176 to 183
8	-12	22	-29	47	-14	85	2	cell = 184 to 191
73	-53	35	-25	56	-17	47	-53	cell = 192 to 199
54	-33	68	-12	72	-15	22	10	cell = 200 to 207
82	36	37	-18	27	-52	93	-31	cell = 208 to 215
23	15	30	1	35	-50	33	24	cell = 216 to 223
12	-54	45	-53	49	23	25	-19	cell = 224 to 231
27	7	25	-40	50	-24	32	24	cell = 232 to 239
53	-50	39	-11	51	51	23	-28	cell = 240 to 247
40	-54	35	-9	36	6	82	-36	cell = 248 to 255
59	12	58	-47	41	-33	43	14	cell = 256 to 263
32	-30	47	-16	39	-2	52	-7	cell = 264 to 271
35	-54	68	-16	72	-19	68	-7	cell = 272 to 279
51	14	23	17	47	31	56	7	cell = 280 to 287
41	-17	47	8	58	6	25	-6	cell = 288 to 295
29	-39	49	-60	108	-2	18	-26	cell = 296 to 303
55	-9	21	-17	48	2	51	-16	cell = 304 to 311
36	-4	76	-19	94	-22	33	-5	cell = 312 to 319
38	-7	64	4	25	-58	53	-25	cell = 320 to 327
30	28	47	-9	6	17	75	3	cell = 328 to 335
27	4	31	9	62	-32	68	-5	cell = 336 to 343
61	-11	58	-30	39	-13	21	-20	cell = 344 to 351
34	-9	28	-1	44	-10	75	-36	cell = 352 to 359
37	-2	44	-10	23	22	35	23	cell = 360 to 367
38	17	56	-20	45	3	54	-52	cell = 368 to 375
62	-9	2	0	60	22	14	-20	cell = 376 to 383
19	8	56	-14	28	-16	91	7	cell = 384 to 391
37	-13	90	-47	33	-29	40	-31	cell = 392 to 399
52	-20	29	-14	24	36	15	7	cell = 400 to 407
27	-4	23	-10	54	-17	59	20	cell = 408 to 415
20	-23	45	-21	9	0	50	1	cell = 416 to 423
13	-27	67	0	48	-45	24	1	cell = 424 to 431
67	-13	48	22	44	-24	62	-23	cell = 432 to 439
37	24	35	37	3	-9	31	-41	cell = 440 to 447
69	-21	0	8	0	7	32	-17	cell = 448 to 455
17	-16	17	23	33	-20	63	40	cell = 456 to 463
40	0	63	12	24	5	64	-22	cell = 464 to 471
67	-10	32	-43	87	-23	7	15	cell = 472 to 479
49	-11	48	-54	66	-3	47	18	cell = 480 to 487
2	19	58	-36	51	-32	48	-9	cell = 488 to 495
57	-4	-52	-77	-60	-65	-42	-56	cell = 496 to 503
100	42	57	0	49	-49	45	-23	cell = 504 to 511
24	31	-58	-31	-29	-19	-40	-6	cell = 512 to 519
11	-24	-3	-17	43	-33	11	-27	cell = 520 to 527
-24	26	-45	-34	-16	-43	9	-3	cell = 528 to 535
-19	-23	-16	-45	7	-11	-13	16	cell = 536 to 543
27	-72	-20	-4	7	-46	-16	-35	cell = 544 to 551
-38	31	-75	6	48	21	-16	-16	cell = 552 to 559
34	-25	-26	-2	-39	-15	-18	-18	cell = 560 to 567
11	-47	8	-47	-3	-6	24	6	cell = 568 to 575
-35	-24	3	-42	18	-30	-41	8	cell = 576 to 583
-21	11	21	32	-21	-12	-17	-12	cell = 584 to 591
-37	-15	-25	-15	14	-39	2	-21	cell = 592 to 599
50	-29	-9	-30	-2	-14	-21	-72	cell = 600 to 607
-35	-32	-17	5	-18	-25	-21	-37	cell = 608 to 615
5	-19	36	-31	-17	8	17	-14	cell = 616 to 623
-10	9	-48	5	-38	-17	8	-22	cell = 624 to 631
-17	-27	-19	-45	-54	-21	-30	-19	cell = 632 to 639
-7	-24	-33	11	-53	-15	-31	-34	cell = 640 to 647
-4	-1	-26	-66	4	18	7	-9	cell = 648 to 655
-20	-8	-3	0	34	2	-51	0	cell = 656 to 663
-15	17	-19	-20	9	-26	-37	-6	cell = 664 to 671
-21	-16	-24	-18	26	26	-10	-1	cell = 672 to 679
-15	-35	-11	-6	-5	-2	-18	-14	cell = 680 to 687
3	-27	-19	8	-41	-26	-14	7	cell = 688 to 695
-24	-33	-37	-6	-26	-24	-3	-3	cell = 696 to 703
-46	-54	0	-18	13	-5	-2	-10	cell = 704 to 711
15	-39	-19	-62	-41	-3	-44	-12	cell = 712 to 719
-17	-8	-34	-34	6	-49	-3	0	cell = 720 to 727
20	-32	45	-19	-42	-48	-12	-42	cell = 728 to 735
-32	-39	-13	6	-8	-29	5	-24	cell = 736 to 743
26	-6	-12	2	-25	-39	-4	-26	cell = 744 to 751
4	-15	-37	-40	-25	-20	4	-20	cell = 752 to 759
-8	5	25	18	-7	-35	-15	-16	cell = 760 to 767
-42	-38	-45	-32	-12	-33	-77	-28	cell = 768 to 775
-42	0	-22	-47	6	-12	-35	-24	cell = 776 to 783
-19	-3	-43	37	1	-20	-16	-16	cell = 784 to 791
17	-20	53	10	-38	-16	-5	14	cell = 792 to 799
14	12	10	-37	2	-24	-17	20	cell = 800 to 807
14	-54	-3	-15	-30	-26	-8	-2	cell = 808 to 815
-51	6	23	-12	7	-19	-35	8	cell = 816 to 823
24	-52	-47	4	27	-65	-17	-12	cell = 824 to 831
-33	2	0	-37	-22	-56	-23	-17	cell = 832 to 839
-51	-56	2	-8	-36	5	5	23	cell = 840 to 847
39	-39	-20	-5	-22	1	-10	-13	cell = 848 to 855
-35	-30	17	6	-45	-15	-22	13	cell = 856 to 863
-12	-23	-25	12	-25	-32	7	-31	cell = 864 to 871
-11	-39	-17	-45	-68	-40	-43	17	cell = 872 to 879
-20	1	-22	-18	-27	-18	12	3	cell = 880 to 887
-62	-22	-10	-9	-8	-59	-7	-2	cell = 888 to 895
-20	-36	3	-3	-19	-36	-47	-5	cell = 896 to 903
4	-44	-38	-52	-6	-43	-21	-37	cell = 904 to 911
-26	-15	-20	-4	-9	-15	-36	-39	cell = 912 to 919
32	-58	-22	-12	-15	-9	-52	-45	cell = 920 to 927
-47	-4	-14	-51	-51	-49	5	-51	cell = 928 to 935
-20	29	-18	23	-38	30	0	-22	cell = 936 to 943
-20	-46	-82	-9	-22	8	-28	-18	cell = 944 to 951
-24	5	-18	-37	15	8	-55	-34	cell = 952 to 959
-34	9	-54	-32	-2	-4	-19	-10	cell = 960 to 967
-50	-27	12	-14	-27	-48	-6	-41	cell = 968 to 975
-24	-26	-10	-27	-25	10	-8	-54	cell = 976 to 983
-62	-17	-23	-47	-1	-21	21	2	cell = 984 to 991
-9	-13	-31	-39	-34	-27	-13	-34	cell = 992 to 999
-35	-19	-30	-11	-12	-26	-11	-4	cell = 1000 to 1007
19	-6	-53	-54	-25	-26	6	4	cell = 1008 to 1015
28	-51	-18	-11	-12	-39	-54	-46	cell = 1016 to 1023
Calibration values from cell 0 to 1024 for channel 6:

36	42	75	-25	50	-14	30	-4	cell = 0 to 7
29	-17	36	-41	57	-9	1	-33	cell = 8 to 15
-4	17	81	-19	62	-23	81	0	cell = 16 to 23
19	-19	81	1	71	-7	50	-37	cell = 24 to 31
39	-28	34	6	37	-26	60	-43	cell = 32 to 39
61	-15	39	1	60	-49	37	-14	cell = 40 to 47
81	-12	61	-1	49	24	87	-29	cell = 48 to 55
75	-16	41	7	53	15	38	-24	cell = 56 to 63
32	-40	67	5	75	-14	55	-2	cell = 64 to 71
11	4	54	0	38	26	79	-20	cell = 72 to 79
50	11	33	-32	79	-20	44	-13	cell = 80 to 87
25	-24	39	-11	34	-10	66	-14	cell = 88 to 95
24	-1	85	18	21	1	50	32	cell = 96 to 103
33	-44	34	-42	65	-4	26	10	cell = 104 to 111
40	-14	45	-14	100	22	32	-8	cell = 112 to 119
86	-17	9	-19	21	9	54	-32	cell = 120 to 127
74	-21	49	-35	66	-12	38	7	cell = 128 to 135
7	14	36	-23	9	13	81	34	cell = 136 to 143
64	-1	75	-9	31	0	69	-28	cell = 144 to 151
40	-4	26	-14	56	-11	35	-46	cell = 152 to 159
49	6	42	10	40	12	30	-36	cell = 160 to 167
63	11	60	9	19	33	58	27	cell = 168 to 175
49	-31	27	-13	46	1	44	-1	cell = 176 to 183
45	30	53	-2	13	4	56	22	cell = 184 to 191
76	20	68	18	22	6	32	-30	cell = 192 to 199
11	-17	85	5	37	2	36	-3	cell = 200 to 207
46	-22	26	-38	66	1	27	13	cell = 208 to 215
55	6	63	-15	74	33	46	-14	cell = 216 to 223
27	-18	71	13	8	-28	65	-5	cell = 224 to 231
44	21	41	12	63	-3	49	-7	cell = 232 to 239
52	-39	6	-24	19	0	30	-29	cell = 240 to 247
73	-35	42	-13	30	-16	30	-43	cell = 248 to 255
28	-2	7	4	31	-13	45	-29	cell = 256 to 263
36	-37	54	-40	-5	-24	56	-6	cell = 264 to 271
30	-24	34	9	43	10	38	8	cell = 272 to 279
15	-14	23	-18	22	-19	11	-30	cell = 280 to 287
28	19	24	-39	92	-1	43	13	cell = 288 to 295
36	-6	27	-16	62	-37	41	2	cell = 296 to 303
48	-8	92	-17	91	-32	25	-5	cell = 304 to 311
32	27	16	-25	44	-13	51	-2	cell = 312 to 319
14	21	20	-28	24	-46	50	-29	cell = 320 to 327
48	-12	52	-17	56	-24	67	-56	cell = 328 to 335
91	46	33	-45	41	-2	66	-21	cell = 336 to 343
33	-7	30	46	60	2	22	46	cell = 344 to 351
1	-40	26	-9	52	-24	67	-6	cell = 352 to 359
56	25	24	-7	63	-13	83	-19	cell = 360 to 367
101	6	27	-6	15	3	55	18	cell = 368 to 375
108	10	74	12	38	-26	24	-34	cell = 376 to 383
45	19	48	-36	11	-24	34	-31	cell = 384 to 391
1	2	30	-65	19	-7	29	-38	cell = 392 to 399
90	19	16	-48	83	-25	41	-46	cell = 400 to 407
18	-10	51	-31	42	-16	33	6	cell = 408 to 415
41	6	62	3	24	-10	51	-11	cell = 416 to 423
-3	15	73	-38	79	-12	47	-14	cell = 424 to 431
34	-22	12	-21	51	-52	52	-43	cell = 432 to 439
48	-7	50	-11	41	17	3	13	cell = 440 to 447
33	-29	47	-46	38	-6	66	1	cell = 448 to 455
21	-2	44	-22	32	7	66	-39	cell = 456 to 463
9	21	26	-35	39	-20	36	-19	cell = 464 to 471
35	-21	35	-4	56	19	17	-45	cell = 472 to 479
56	2	40	-33	58	-7	39	-45	cell = 480 to 487
20	-56	48	-7	80	9	66	-7	cell = 488 to 495
43	-28	-25	-84	-39	-57	2	-105	cell = 496 to 503
28	-38	66	3	43	-11	22	-22	cell = 504 to 511
1	-7	1	9	-34	-64	-21	6	cell = 512 to 519
-36	-13	-23	-20	-46	0	27	-48	cell = 520 to 527
11	-42	-11	-25	4	8	-27	-37	cell = 528 to 535
-21	-37	-10	-11	6	20	-10	-35	cell = 536 to 543
-47	-2	-3	-26	0	-24	41	-12	cell = 544 to 551
20	-29	-2	-7	-12	20	-20	-21	cell = 552 to 559
-37	-5	-33	20	54	28	-38	-6	cell = 560 to 567
23	-52	12	-7	-5	-32	-20	2	cell = 568 to 575
-20	-16	-14	-46	-63	-7	-18	-27	cell = 576 to 583
-18	-45	-3	-42	36	-33	-18	-20	cell = 584 to 591
16	-20	-10	29	-5	-10	-19	-27	cell = 592 to 599
6	4	14	-37	-31	-23	-14	-46	cell = 600 to 607
5	7	-43	-14	14	-22	4	-16	cell = 608 to 615
-27	10	-58	-19	-16	-19	7	22	cell = 616 to 623
-2	-16	-54	7	37	-20	-11	-6	cell = 624 to 631
22	-8	-38	-32	-29	-25	-36	-31	cell = 632 to 639
-14	-9	-15	-27	-41	-78	-20	1	cell = 640 to 647
-6	-31	-32	-38	5	-5	-18	-28	cell = 648 to 655
2	6	7	-4	-9	-2	-16	2	cell = 656 to 663
0	3	-24	32	20	-1	-32	-22	cell = 664 to 671
1	-10	13	-46	-9	-16	-17	-26	cell = 672 to 679
19	-19	18	18	-12	-15	-25	-57	cell = 680 to 687
-6	-34	-20	-24	-38	2	-26	-32	cell = 688 to 695
-29	-6	-7	8	7	-7	-4	-9	cell = 696 to 703
-20	-36	-51	-45	-25	-39	2	-20	cell = 704 to 711
-60	-18	2	-33	-19	-14	-9	-46	cell = 712 to 719
-21	-52	10	9	26	19	-45	6	cell = 720 to 727
-9	-35	-22	-20	-51	-13	5	22	cell = 728 to 735
-42	-34	-18	-49	15	-65	-20	-4	cell = 736 to 743
2	-7	-29	-39	-4	2	0	-66	cell = 744 to 751
1	-18	-40	-18	-8	11	-19	-6	cell = 752 to 759
-13	-5	10	25	3	-22	2	16	cell = 760 to 767
-36	16	-24	-36	12	-2	-7	-24	cell = 768 to 775
-52	11	-31	-48	4	-50	-37	-13	cell = 776 to 783
0	2	-7	39	18	-45	-16	29	cell = 784 to 791
-23	-3	-44	-13	-28	-30	17	-21	cell = 792 to 799
-6	-63	-19	-6	3	-9	-8	-3	cell = 800 to 807
15	-65	12	-22	-48	-55	37	-25	cell = 808 to 815
-38	-22	-23	-4	-18	-28	13	-2	cell = 816 to 823
-14	13	-6	-17	-9	-4	-16	11	cell = 824 to 831
-35	-41	-19	-16	5	-38	-56	-30	cell = 832 to 839
-21	-39	-61	-56	-25	-20	-16	18	cell = 840 to 847
-25	-36	-6	-58	-36	-60	3	30	cell = 848 to 855
-30	2	-19	1	-6	6	-48	0	cell = 856 to 863
-8	-13	-62	-26	-23	-27	-12	1	cell = 864 to 871
-19	-17	-33	-11	-17	-8	-35	-43	cell = 872 to 879
-19	-51	-36	-31	-26	-67	-13	-44	cell = 880 to 887
-23	-36	-26	-16	1	6	-57	-30	cell = 888 to 895
3	-38	-6	-12	-40	0	-25	-57	cell = 896 to 903
4	26	-38	-27	4	-66	13	-43	cell = 904 to 911
28	-16	-9	-26	15	-43	-70	-11	cell = 912 to 919
-10	-29	-8	-21	-3	-27	-63	-14	cell = 920 to 927
-44	-18	-29	-27	-17	-2	-42	-13	cell = 928 to 935
-15	-8	-13	-4	-10	9	-15	-15	cell = 936 to 943
-16	6	-7	-9	11	21	-20	-17	cell = 944 to 951
-33	-26	-25	-40	-28	-11	-13	-32	cell = 952 to 959
-29	-23	-30	-33	21	-49	-12	-18	cell = 960 to 967
-28	-14	-46	-19	-4	-7	-34	4	cell = 968 to 975
-68	45	-17	-12	-18	0	-9	0	cell = 976 to 983
-16	4	-28	-22	-43	1	-50	-40	cell = 984 to 991
-42	-3	0	-56	-19	-35	18	3	cell = 992 to 999
-11	-12	-22	-46	-18	-58	-27	-29	cell = 1000 to 1007
-21	-11	-69	1	-23	-3	-31	-62	cell = 1008 to 1015
-1	-54	-61	-49	-31	1	-1	18	cell = 1016 to 1023
Calibration values from cell 0 to 1024 for channel 7:

55	-36	13	-5	28	-9	37	15	cell = 0 to 7
36	-19	7	-8	24	-11	35	27	cell = 8 to 15
67	-37	37	1	55	8	66	-2	cell = 16 to 23
27	-22	8	-4	55	36	40	-19	cell = 24 to 31
70	-45	40	16	57	-9	36	17	cell = 32 to 39
10	-10	43	6	46	-23	34	20	cell = 40 to 47
33	23	37	-14	17	-28	43	-31	cell = 48 to 55
33	-21	29	-12	58	25	35	-24	cell = 56 to 63
35	36	23	-27	32	5	30	20	cell = 64 to 71
28	-29	69	2	5	22	34	-11	cell = 72 to 79
47	1	58	3	84	4	41	10	cell = 80 to 87
45	-39	48	-39	35	-7	37	-35	cell = 88 to 95
12	17	48	-2	27	5	50	-15	cell = 96 to 103
45	-35	12	-14	74	-39	-13	16	cell = 104 to 111
94	22	50	-37	5	-36	-7	-43	cell = 112 to 119
92	30	-4	-2	50	1	49	-35	cell = 120 to 127
26	-59	22	5	38	14	16	1	cell = 128 to 135
55	-15	38	43	35	35	60	-4	cell = 136 to 143
46	-1	61	-29	64	56	62	-15	cell = 144 to 151
54	-12	38	-39	19	-19	48	11	cell = 152 to 159
33	8	43	0	33	9	30	-33	cell = 160 to 167
51	-24	23	1	47	29	73	11	cell = 168 to 175
31	-49	22	12	63	-4	79	9	cell = 176 to 183
30	-50	72	-11	37	-6	39	-2	cell = 184 to 191
25	-9	14	-69	44	29	21	-37	cell = 192 to 199
30	-51	50	-4	65	-17	46	-47	cell = 200 to 207
40	0	67	-19	94	-23	40	24	cell = 208 to 215
-2	47	34	2	49	19	52	-18	cell = 216 to 223
74	-22	55	37	11	-11	41	33	cell = 224 to 231
52	33	54	9	34	-15	48	-24	cell = 232 to 239
33	22	10	-37	41	22	67	-2	cell = 240 to 247
45	50	61	-36	50	-20	52	-7	cell = 248 to 255
40	-26	43	-11	48	8	67	-2	cell = 256 to 263
30	-32	34	-12	61	-19	66	-8	cell = 264 to 271
22	-3	53	-22	31	9	29	17	cell = 272 to 279
53	25	102	22	36	-66	82	-35	cell = 280 to 287
33	-50	54	3	30	10	30	-27	cell = 288 to 295
4	-15	74	7	22	-6	62	-39	cell = 296 to 303
20	-4	40	-7	35	-31	49	-19	cell = 304 to 311
52	-33	46	-7	23	14	47	-17	cell = 312 to 319
5	-16	3	-9	44	-1	21	-15	cell = 320 to 327
-18	-9	80	-20	66	7	83	10	cell = 328 to 335
40	21	35	-5	39	11	33	-27	cell = 336 to 343
33	-6	53	-26	23	5	35	-8	cell = 344 to 351
14	-37	7	-23	80	-22	11	8	cell = 352 to 359
16	-18	39	-27	43	-26	35	-14	cell = 360 to 367
1	20	28	0	30	46	44	-14	cell = 368 to 375
6	8	85	-38	30	-19	54	-41	cell = 376 to 383
55	0	29	17	1	-9	64	-36	cell = 384 to 391
62	-21	83	-11	32	-71	20	-42	cell = 392 to 399
47	-35	40	-15	28	19	67	-57	cell = 400 to 407
14	13	61	-22	39	-52	49	13	cell = 408 to 415
34	-24	62	-57	67	10	25	-38	cell = 416 to 423
47	7	45	-48	41	4	33	17	cell = 424 to 431
59	-16	22	-26	41	-8	74	-9	cell = 432 to 439
45	-16	26	-21	57	-1	22	-14	cell = 440 to 447
56	-45	35	-12	60	-4	86	-34	cell = 448 to 455
59	30	4	-30	34	5	24	-20	cell = 456 to 463
78	11	26	-6	51	10	45	-44	cell = 464 to 471
53	15	8	39	28	4	41	2	cell = 472 to 479
52	5	72	-50	0	10	32	1	cell = 480 to 487
30	-45	49	2	48	17	-5	-4	cell = 488 to 495
45	-11	-32	-56	-18	-86	-23	-62	cell = 496 to 503
46	12	-14	3	52	20	58	-48	cell = 504 to 511
23	-30	12	-3	-6	15	16	-49	cell = 512 to 519
0	-55	-6	4	20	-31	21	41	cell = 520 to 527
-10	-62	-9	6	26	-2	5	-35	cell = 528 to 535
-23	-54	-28	-33	8	-3	-33	-60	cell = 536 to 543
-14	30	-10	3	-21	-44	-24	-19	cell = 544 to 551
-35	1	-16	19	13	-15	-41	-1	cell = 552 to 559
12	-43	-19	-25	21	-23	-32	-5	cell = 560 to 567
-26	-11	-6	-29	-14	-6	-33	-29	cell = 568 to 575
-37	-22	-7	7	6	-24	-41	-4	cell = 576 to 583
-11	-41	18	-15	39	-7	5	1	cell = 584 to 591
-21	-23	-40	-18	-13	-44	-6	0	cell = 592 to 599
-38	-17	19	40	-12	-12	-31	-32	cell = 600 to 607
29	-47	-45	-60	-30	-46	-31	-57	cell = 608 to 615
-16	0	-46	-30	34	-18	-8	-23	cell = 616 to 623
-2	-16	-19	-57	-24	-39	-12	-27	cell = 624 to 631
13	-9	1	35	5	-29	-11	-9	cell = 632 to 639
-60	-21	13	-21	17	-28	9	-47	cell = 640 to 647
29	-35	13	-11	-21	-60	-25	-36	cell = 648 to 655
-46	7	-9	-23	-40	0	-1	-23	cell = 656 to 663
-8	-25	-25	-37	-24	-48	17	10	cell = 664 to 671
-47	-27	-38	-17	-6	-17	-40	-30	cell = 672 to 679
-41	-8	24	18	23	29	-32	-8	cell = 680 to 687
-39	36	-19	-9	-8	-20	-40	1	cell = 688 to 695
-14	-32	-11	-3	-56	-23	1	-30	cell = 696 to 703
1	-52	-64	7	-26	4	-17	0	cell = 704 to 711
-14	-3	-31	-60	47	-13	0	1	cell = 712 to 719
-44	-46	0	5	0	-62	-29	12	cell = 720 to 727
-1	2	-44	-55	-40	-32	-25	14	cell = 728 to 735
-14	-41	-32	19	4	16	0	-7	cell = 736 to 743
-17	12	-41	-19	-46	-29	-16	-40	cell = 744 to 751
-29	-12	-46	-29	1	6	-4	-33	cell = 752 to 759
0	9	-39	-12	-17	-84	-22	-28	cell = 760 to 767
7	-59	20	-51	-12	-15	20	1	cell = 768 to 775
-6	-39	9	-3	10	-16	-28	-41	cell = 776 to 783
13	-15	-36	12	11	-7	1	11	cell = 784 to 791
-34	-23	12	-2	-10	-24	0	-34	cell = 792 to 799
-45	-28	-29	-31	-26	-58	-34	-17	cell = 800 to 807
-6	8	0	3	-33	-18	-19	-45	cell = 808 to 815
-9	-20	-37	-31	-9	-33	-20	-35	cell = 816 to 823
26	14	-43	-20	27	-44	-15	15	cell = 824 to 831
10	-55	-36	-30	-29	-4	-30	25	cell = 832 to 839
-21	-57	-5	8	-60	-13	-11	-34	cell = 840 to 847
-43	-5	-8	27	-18	-61	2	-24	cell = 848 to 855
12	3	24	-39	3	-30	33	-37	cell = 856 to 863
3	22	-7	-20	18	30	-39	8	cell = 864 to 871
4	-26	44	8	29	-20	-1	33	cell = 872 to 879
-43	-22	-18	6	-50	-10	-61	0	cell = 880 to 887
-12	-37	-19	-5	-35	15	0	14	cell = 888 to 895
-10	-39	-41	-53	-18	-8	-37	-19	cell = 896 to 903
-21	-60	-12	-47	-19	4	-30	-30	cell = 904 to 911
-18	12	-15	0	29	-7	-29	-43	cell = 912 to 919
-35	13	-34	-74	-23	-17	-59	-8	cell = 920 to 927
-20	-35	-23	23	-41	-14	9	0	cell = 928 to 935
-16	-9	-3	14	-53	-22	-31	-37	cell = 936 to 943
-17	-49	-57	17	-1	13	-41	-21	cell = 944 to 951
-36	-51	-11	-32	32	-14	-10	-27	cell = 952 to 959
-20	-26	-31	-2	-18	-56	-69	-14	cell = 960 to 967
9	-38	-14	-47	16	22	-18	10	cell = 968 to 975
12	-15	-3	-22	-6	-51	-9	-25	cell = 976 to 983
10	-3	-44	29	-37	20	-69	-2	cell = 984 to 991
-27	3	-15	3	0	-15	-32	-10	cell = 992 to 999
26	-4	11	-31	-75	-4	20	-46	cell = 1000 to 1007
-1	-24	-43	-35	-10	-39	-11	-18	cell = 1008 to 1015
-32	-4	-24	-10	-13	22	-67	1	cell = 1016 to 1023
Calibration values from cell 0 to 1024 for channel 8:

17	-12	19	-25	35	4	13	-5	cell = 0 to 7
53	-26	1	-2	42	5	29	6	cell = 8 to 15
23	10	16	-30	6	-3	29	19	cell = 16 to 23
47	-24	47	27	34	0	33	7	cell = 24 to 31
8	12	43	-56	13	-14	32	21	cell = 32 to 39
22	15	82	19	39	17	37	-28	cell = 40 to 47
33	-27	92	-7	67	19	83	31	cell = 48 to 55
34	2	21	-8	18	6	26	-38	cell = 56 to 63
3	-5	23	-36	74	32	23	-34	cell = 64 to 71
93	-7	45	-11	66	38	4	-11	cell = 72 to 79
44	5	57	-9	77	30	86	12	cell = 80 to 87
36	51	44	-13	46	2	7	-35	cell = 88 to 95
68	-7	32	-22	29	-7	51	-2	cell = 96 to 103
13	-20	66	11	57	-6	54	-16	cell = 104 to 111
62	24	50	-38	56	18	56	-39	cell = 112 to 119
76	-7	30	-32	69	-6	39	-24	cell = 120 to 127
7	-30	51	-23	36	2	6	-13	cell = 128 to 135
48	-19	0	-5	37	-33	42	16	cell = 136 to 143
15	-50	50	4	39	-31	82	-44	cell = 144 to 151
36	42	31	-13	17	24	56	21	cell = 152 to 159
64	35	75	-6	62	9	70	-15	cell = 160 to 167
27	18	30	22	53	6	34	-18	cell = 168 to 175
65	-21	42	7	45	3	54	25	cell = 176 to 183
44	54	3	-25	15	-38	34	-7	cell = 184 to 191
49	-31	31	21	34	-42	21	1	cell = 192 to 199
52	1	48	-43	67	-33	23	28	cell = 200 to 207
30	-14	23	-3	59	-35	44	-17	cell = 208 to 215
28	-18	46	-66	36	-20	31	-6	cell = 216 to 223
18	-46	67	27	17	-40	34	46	cell = 224 to 231
44	19	62	10	49	-10	54	-18	cell = 232 to 239
34	20	44	45	64	-10	66	2	cell = 240 to 247
73	47	23	16	15	9	32	-47	cell = 248 to 255
58	-39	27	-19	44	19	30	-6	cell = 256 to 263
57	-36	55	33	42	18	33	6	cell = 264 to 271
24	23	58	-37	32	9	32	24	cell = 272 to 279
41	-27	36	10	35	41	41	-34	cell = 280 to 287
73	-10	11	3	51	25	59	-7	cell = 288 to 295
-9	30	4	-62	13	-27	48	21	cell = 296 to 303
53	-27	38	12	76	-14	69	17	cell = 304 to 311
56	-27	47	-12	45	-6	54	-6	cell = 312 to 319
51	17	40	-24	39	22	68	6	cell = 320 to 327
41	-17	43	-61	49	9	61	24	cell = 328 to 335
87	-10	39	35	16	38	50	21	cell = 336 to 343
10	3	35	-6	51	21	59	-33	cell = 344 to 351
47	2	24	18	26	26	53	-11	cell = 352 to 359
10	14	10	10	45	10	44	-5	cell = 360 to 367
27	29	30	-15	44	-49	68	17	cell = 368 to 375
55	-14	30	-20	17	7	32	-27	cell = 376 to 383
26	19	79	27	1	-40	34	-17	cell = 384 to 391
41	-26	29	44	55	-4	62	48	cell = 392 to 399
62	-4	62	8	9	-29	84	15	cell = 400 to 407
66	-14	55	31	25	34	20	-22	cell = 408 to 415
38	-29	17	-8	45	-20	31	-12	cell = 416 to 423
59	-30	72	18	-7	6	74	-3	cell = 424 to 431
46	-37	26	-9	55	-23	29	22	cell = 432 to 439
58	13	59	-19	58	18	67	-26	cell = 440 to 447
29	28	31	15	49	17	-11	15	cell = 448 to 455
27	0	16	-31	26	57	58	-34	cell = 456 to 463
74	-3	58	-2	44	-25	33	21	cell = 464 to 471
87	42	34	-9	18	6	19	41	cell = 472 to 479
31	-13	53	11	52	-32	19	22	cell = 480 to 487
57	37	103	-20	-10	24	75	3	cell = 488 to 495
49	-11	-54	-106	-18	-102	-40	-51	cell = 496 to 503
79	15	53	-9	53	-4	-21	10	cell = 504 to 511
16	26	-5	-30	-22	-17	-36	-81	cell = 512 to 519
-46	-4	-63	-48	-63	-27	10	-6	cell = 520 to 527
5	-36	-50	-1	-13	-37	19	-6	cell = 528 to 535
-33	-1	-1	0	4	3	0	-25	cell = 536 to 543
-3	40	26	0	-6	-40	-30	-7	cell = 544 to 551
15	-57	10	-10	22	-60	-18	14	cell = 552 to 559
-10	-21	-27	-44	-28	-1	-41	-6	cell = 560 to 567
-4	-5	-45	-13	4	-14	-8	-38	cell = 568 to 575
-50	-1	-35	-35	-11	21	-3	-9	cell = 576 to 583
-24	-22	-25	-6	4	-26	-26	1	cell = 584 to 591
-44	-8	14	-29	-62	-27	-24	-25	cell = 592 to 599
-5	-27	-6	-13	-27	-35	-39	-44	cell = 600 to 607
-51	-25	-44	2	7	8	-35	-10	cell = 608 to 615
-13	-21	-13	-6	9	-7	-22	-40	cell = 616 to 623
-56	-4	-25	-51	-6	-14	-12	-34	cell = 624 to 631
-21	-3	-24	-36	-8	-18	-30	-11	cell = 632 to 639
-29	7	-58	-27	-45	4	-29	15	cell = 640 to 647
-25	-1	-51	-16	-11	-35	-11	-24	cell = 648 to 655
-40	15	-7	-23	-35	-29	-36	-2	cell = 656 to 663
-3	-55	-41	-1	-32	-16	-12	-26	cell = 664 to 671
-13	-20	-10	-51	-38	0	-53	15	cell = 672 to 679
-34	-41	13	-18	11	-18	-4	-16	cell = 680 to 687
-20	-32	-15	-64	2	28	-6	-23	cell = 688 to 695
-77	-34	-5	-5	-12	-14	-27	-5	cell = 696 to 703
3	-34	-24	-22	-26	-19	-57	-22	cell = 704 to 711
-11	-18	-27	26	-6	-36	-34	-52	cell = 712 to 719
-57	-20	-3	-15	-41	-10	-63	-6	cell = 720 to 727
-54	2	7	-33	-44	0	-9	0	cell = 728 to 735
-6	9	10	-27	-4	22	-36	-28	cell = 736 to 743
-31	-28	-24	-55	-39	-18	-45	10	cell = 744 to 751
-68	-29	11	-24	13	1	11	23	cell = 752 to 759
-14	-19	-10	11	-33	11	-44	-6	cell = 760 to 767
-51	-25	-29	-23	15	-59	6	-55	cell = 768 to 775
-32	6	-61	-6	-22	-49	-21	0	cell = 776 to 783
-26	-15	-47	-20	-17	-32	-24	-34	cell = 784 to 791
-24	-40	-23	10	6	-32	-58	-21	cell = 792 to 799
-14	-41	1	16	-42	-19	-45	-21	cell = 800 to 807
-33	-15	-14	-28	-54	-62	-48	-48	cell = 808 to 815
-9	-10	-62	-43	-79	-8	-37	7	cell = 816 to 823
-17	-25	7	8	-20	-9	-9	33	cell = 824 to 831
-13	-46	-26	-24	2	22	5	-19	cell = 832 to 839
-45	-80	-54	11	-37	-47	-13	-38	cell = 840 to 847
2	-18	-7	12	-32	-19	-76	-12	cell = 848 to 855
-32	16	-15	41	-12	-39	25	7	cell = 856 to 863
-15	-56	-14	-3	44	-13	-50	-21	cell = 864 to 871
-67	-16	-21	-10	-7	-27	-35	-6	cell = 872 to 879
-11	45	-45	-4	2	-20	-17	-39	cell = 880 to 887
-53	-7	-18	14	7	-16	-22	-31	cell = 888 to 895
26	-48	-10	-41	9	-6	-29	-52	cell = 896 to 903
-47	5	-4	-56	-7	-9	-22	-36	cell = 904 to 911
-37	0	-64	-3	1	-25	-14	-17	cell = 912 to 919
5	-8	20	-4	37	-4	-22	15	cell = 920 to 927
18	-53	-40	21	-33	-36	8	-5	cell = 928 to 935
3	-18	-41	-7	-4	50	3	-10	cell = 936 to 943
-37	4	-45	-9	14	-26	-22	-65	cell = 944 to 951
1	-16	-22	-27	17	5	-33	-14	cell = 952 to 959
-18	18	-51	-51	-3	-36	-27	-8	cell = 960 to 967
-37	-26	-13	-19	-13	-6	-18	-44	cell = 968 to 975
-12	-76	-32	16	-23	-13	1	-60	cell = 976 to 983
-56	-34	-21	-9	-22	-41	-29	11	cell = 984 to 991
5	-46	-15	-30	-49	-17	-12	-20	cell = 992 to 999
-3	-11	-14	24	7	-51	-11	28	cell = 1000 to 1007
11	-28	-54	-27	-26	-40	-12	-7	cell = 1008 to 1015
8	-3	-59	-46	-37	-39	-55	-13	cell = 1016 to 1023
