Calibration values from cell 0 to 1024 for channel 0:

31	11	21	12	30	-5	57	0	cell = 0 to 7
0	28	52	-15	48	17	87	-9	cell = 8 to 15
53	-12	40	17	43	33	37	-44	cell = 16 to 23
71	-27	51	14	22	-33	35	-18	cell = 24 to 31
49	43	72	6	34	-32	69	9	cell = 32 to 39
46	5	65	-19	48	-26	54	-3	cell = 40 to 47
11	-1	55	-1	46	59	45	13	cell = 48 to 55
12	-8	32	25	15	-36	36	-6	cell = 56 to 63
38	-19	23	-43	44	25	44	-59	cell = 64 to 71
44	1	42	17	57	65	66	-15	cell = 72 to 79
21	16	38	-18	54	-3	34	12	cell = 80 to 87
50	15	49	13	49	-6	9	12	cell = 88 to 95
51	-19	44	1	40	-26	46	22	cell = 96 to 103
44	20	68	-41	58	-31	39	-7	cell = 104 to 111
28	-25	37	6	14	16	44	-33	cell = 112 to 119
5	15	21	20	29	-36	13	14	cell = 120 to 127
43	6	28	0	54	7	65	-17	cell = 128 to 135
62	0	22	-28	57	-16	63	-3	cell = 136 to 143
39	7	39	-4	38	-18	36	-11	cell = 144 to 151
32	-9	50	-19	31	18	40	16	cell = 152 to 159
43	-3	61	-13	46	-11	33	-13	cell = 160 to 167
62	-12	55	19	59	-5	47	-30	cell = 168 to 175
46	-51	54	13	51	-17	45	-12	cell = 176 to 183
42	-21	33	-3	47	-23	77	-37	cell = 184 to 191
27	4	30	-37	54	39	48	-13	cell = 192 to 199
42	-4	-8	-19	11	-17	53	9	cell = 200 to 207
47	-14	60	-41	68	-14	81	17	cell = 208 to 215
28	-8	57	-13	40	-12	34	-18	cell = 216 to 223
86	-32	36	-26	56	-24	94	-50	cell = 224 to 231
30	25	32	9	50	-44	48	14	cell = 232 to 239
51	-15	55	-12	55	29	63	11	cell = 240 to 247
59	8	49	18	30	17	57	-34	cell = 248 to 255
20	-48	59	-6	2	-16	40	-44	cell = 256 to 263
32	-5	48	24	9	-9	6	4	cell = 264 to 271
59	-1	103	17	63	-10	6	-7	cell = 272 to 279
34	20	50	-28	27	-12	22	-15	cell = 280 to 287
8	-4	36	13	46	2	67	-8	cell = 288 to 295
23	-8	24	-15	54	3	17	-36	cell = 296 to 303
-2	0	30	17	47	-31	55	-15	cell = 304 to 311
23	15	61	-47	31	-21	25	-25	cell = 312 to 319
-1	-9	44	3	62	-58	68	4	cell = 320 to 327
71	-9	43	-9	47	14	29	-33	cell = 328 to 335
27	39	29	-19	12	-11	54	-19	cell = 336 to 343
7	-19	35	-15	50	9	55	-5	cell = 344 to 351
50	-16	26	-26	61	-45	56	24	cell = 352 to 359
63	-10	59	17	43	-7	55	-54	cell = 360 to 367
44	36	32	-24	27	-15	46	5	cell = 368 to 375
40	4	59	25	0	-29	43	-39	cell = 376 to 383
54	9	13	-14	40	9	2	7	cell = 384 to 391
39	32	52	30	14	-15	20	19	cell = 392 to 399
20	-30	40	-1	56	25	69	-4	cell = 400 to 407
59	21	44	-7	63	-6	55	-30	cell = 408 to 415
25	-25	51	-25	79	-9	71	-3	cell = 416 to 423
54	8	48	-19	41	15	49	-6	cell = 424 to 431
53	-5	64	-43	28	26	71	-21	cell = 432 to 439
57	5	47	-24	25	-22	38	-8	cell = 440 to 447
49	10	16	-42	41	42	27	15	cell = 448 to 455
8	22	62	-14	7	22	13	7	cell = 456 to 463
63	0	28	0	6	-19	77	-6	cell = 464 to 471
33	-5	33	22	21	-16	19	-7	cell = 472 to 479
40	24	85	-1	14	3	57	-20	cell = 480 to 487
0	22	51	2	43	-20	43	-13	cell = 488 to 495
8	-11	-37	-72	-46	-145	-39	-46	cell = 496 to 503
82	26	43	8	28	-17	10	8	cell = 504 to 511
-27	7	-35	1	-24	-26	-23	-27	cell = 512 to 519
13	-40	-25	-35	-23	-18	-4	-25	cell = 520 to 527
-13	-18	-40	35	-18	12	-22	-41	cell = 528 to 535
-13	-13	-34	10	-50	-2	-23	7	cell = 536 to 543
-33	-51	-46	0	-22	-32	-16	-40	cell = 544 to 551
5	0	-48	17	-50	-14	-39	-5	cell = 552 to 559
-35	-22	-31	8	-17	4	1	1	cell = 560 to 567
-43	-15	-39	-23	-31	-35	-2	1	cell = 568 to 575
-15	-3	5	-54	-21	13	-7	-6	cell = 576 to 583
-15	-10	-24	25	-52	-52	-58	-24	cell = 584 to 591
-32	-21	0	-33	31	2	-48	2	cell = 592 to 599
2	-11	-14	-47	-29	-8	-43	-10	cell = 600 to 607
-22	-23	-28	-28	37	-17	-39	2	cell = 608 to 615
0	-28	4	5	-16	0	-39	-26	cell = 616 to 623
14	-16	-39	-20	-52	-40	-24	-20	cell = 624 to 631
33	-9	-17	-20	-17	4	-57	-46	cell = 632 to 639
25	-29	-28	-18	14	-17	-47	-27	cell = 640 to 647
-44	-27	-6	-48	-8	-17	-55	11	cell = 648 to 655
-4	-46	-10	-39	17	-48	-37	11	cell = 656 to 663
-30	4	-35	0	-2	-15	3	-1	cell = 664 to 671
-7	-40	-13	-54	11	23	8	-11	cell = 672 to 679
1	-20	-29	-3	-17	-35	-15	17	cell = 680 to 687
-8	-28	6	11	-8	-30	34	28	cell = 688 to 695
-30	-10	-25	21	-34	17	-53	6	cell = 696 to 703
-24	-28	-37	-68	-1	-29	10	-19	cell = 704 to 711
15	-9	16	-25	-18	-20	1	5	cell = 712 to 719
-20	-21	-12	2	-30	4	-31	-7	cell = 720 to 727
-35	-43	0	-21	-30	20	-33	-23	cell = 728 to 735
-15	-82	-7	11	-19	-4	-58	-20	cell = 736 to 743
-18	-20	-4	9	-6	-3	-2	-8	cell = 744 to 751
-40	-22	-13	-38	43	-42	-19	-27	cell = 752 to 759
-44	12	-17	20	2	2	-43	-28	cell = 760 to 767
-39	-27	-52	-26	-2	-31	-1	-28	cell = 768 to 775
-17	-15	1	-6	-5	14	-5	-22	cell = 776 to 783
-28	-24	-36	-1	10	-24	-46	-3	cell = 784 to 791
9	-8	-7	-41	-17	-14	-21	-28	cell = 792 to 799
-37	-2	-30	42	-49	-31	-31	0	cell = 800 to 807
-24	-58	-35	10	-16	-4	-15	-15	cell = 808 to 815
-8	-69	-46	7	-33	12	-10	-16	cell = 816 to 823
-50	32	-11	-38	-27	-22	-32	-18	cell = 824 to 831
-37	-46	-31	10	-51	-9	1	-11	cell = 832 to 839
-14	-4	-10	2	-21	0	-18	-22	cell = 840 to 847
4	6	-23	9	-39	23	-77	3	cell = 848 to 855
-12	-17	27	4	-32	-32	0	-14	cell = 856 to 863
-5	-46	-31	-33	-3	2	15	-7	cell = 864 to 871
-29	-58	34	-16	9	-8	-22	-10	cell = 872 to 879
-41	-42	-16	-21	-55	-58	-36	-31	cell = 880 to 887
-38	-33	-5	12	-2	9	-69	-19	cell = 888 to 895
-22	-16	-30	-39	0	-22	-34	-52	cell = 896 to 903
-25	-30	-10	-38	-8	-36	-2	13	cell = 904 to 911
-20	-81	-38	-29	-31	-22	-28	-4	cell = 912 to 919
1	-39	-32	-48	-16	-29	-20	17	cell = 920 to 927
-17	-80	4	5	-16	11	-27	-14	cell = 928 to 935
-25	-40	-5	11	-32	15	-18	7	cell = 936 to 943
-46	-17	18	28	1	-16	-6	-36	cell = 944 to 951
-16	-48	-10	-24	-37	0	-22	7	cell = 952 to 959
-27	-14	-5	21	-11	-27	4	-17	cell = 960 to 967
-28	-47	-30	-25	-17	-43	-29	2	cell = 968 to 975
5	11	-33	-1	-41	38	-37	-9	cell = 976 to 983
-15	-20	-7	-14	-20	12	-21	-16	cell = 984 to 991
-1	-29	-59	-59	-67	-31	-28	-13	cell = 992 to 999
-12	-3	-55	-32	-4	-10	-21	-14	cell = 1000 to 1007
-9	30	-45	-27	-10	-76	-44	3	cell = 1008 to 1015
-15	-13	-23	-9	-31	-23	-40	-2	cell = 1016 to 1023
Calibration values from cell 0 to 1024 for channel 1:

44	7	20	73	33	-19	51	-16	cell = 0 to 7
62	26	61	-36	72	-25	14	6	cell = 8 to 15
35	-25	56	38	85	25	11	-23	cell = 16 to 23
70	-25	25	-22	44	12	32	-9	cell = 24 to 31
46	-41	18	18	65	18	64	-11	cell = 32 to 39
40	-27	19	-20	27	-41	41	-33	cell = 40 to 47
66	-18	5	-1	58	-17	60	-18	cell = 48 to 55
67	11	13	-12	33	-9	21	-28	cell = 56 to 63
17	-22	53	-41	45	-5	45	-28	cell = 64 to 71
47	-7	22	-12	57	-28	78	3	cell = 72 to 79
34	-10	46	-24	44	-31	59	-31	cell = 80 to 87
75	18	43	-21	20	-16	59	17	cell = 88 to 95
70	5	83	-23	46	-12	74	1	cell = 96 to 103
49	5	33	-11	62	-34	4	-2	cell = 104 to 111
23	30	52	-10	73	18	28	-28	cell = 112 to 119
44	-15	13	-32	24	32	58	-20	cell = 120 to 127
5	-23	44	-41	18	-2	35	-58	cell = 128 to 135
43	8	46	-14	77	22	40	20	cell = 136 to 143
48	-14	24	-8	30	2	28	3	cell = 144 to 151
53	18	104	-4	70	17	88	12	cell = 152 to 159
62	-11	89	-21	50	-20	48	-32	cell = 160 to 167
62	13	76	25	74	-39	30	-33	cell = 168 to 175
40	4	23	-16	64	6	44	-34	cell = 176 to 183
25	0	44	-18	27	-59	53	-5	cell = 184 to 191
23	-10	53	-29	35	4	46	0	cell = 192 to 199
33	28	12	4	41	-20	38	2	cell = 200 to 207
27	23	53	-4	41	-12	40	-18	cell = 208 to 215
54	16	15	-5	-6	-6	39	28	cell = 216 to 223
69	21	26	-10	46	-4	55	-21	cell = 224 to 231
55	12	38	6	11	0	56	-7	cell = 232 to 239
28	-6	31	-23	41	-15	24	17	cell = 240 to 247
43	-28	44	-15	68	-5	32	23	cell = 248 to 255
55	7	35	-13	33	-36	52	-48	cell = 256 to 263
43	-16	26	-15	57	-26	52	-23	cell = 264 to 271
71	-42	63	-37	28	-18	18	-19	cell = 272 to 279
44	11	57	-8	76	-7	34	-60	cell = 280 to 287
55	17	48	14	72	-58	4	-28	cell = 288 to 295
46	37	76	-31	61	-6	40	-25	cell = 296 to 303
86	21	73	-10	73	-8	42	-52	cell = 304 to 311
37	22	0	3	85	18	57	-2	cell = 312 to 319
48	7	67	2	56	-13	37	-30	cell = 320 to 327
37	14	54	20	54	-13	26	37	cell = 328 to 335
88	-11	94	-36	61	-7	56	-57	cell = 336 to 343
-8	-3	50	34	56	10	26	-6	cell = 344 to 351
-2	-19	20	19	48	8	49	6	cell = 352 to 359
40	11	70	-22	30	-13	39	11	cell = 360 to 367
42	-29	67	-11	42	-3	95	-38	cell = 368 to 375
29	33	59	46	44	-14	21	-49	cell = 376 to 383
67	-11	40	8	38	-5	68	-7	cell = 384 to 391
14	-2	38	8	30	-2	39	5	cell = 392 to 399
51	24	48	-5	9	-8	31	-5	cell = 400 to 407
-2	20	37	-11	59	11	50	-26	cell = 408 to 415
72	12	58	-37	40	6	50	-13	cell = 416 to 423
48	30	58	-12	41	-5	31	-20	cell = 424 to 431
26	-15	21	47	7	-23	39	5	cell = 432 to 439
22	-18	72	-18	70	1	1	-29	cell = 440 to 447
46	-8	63	-48	45	-8	46	-12	cell = 448 to 455
-1	-8	15	1	51	-1	60	17	cell = 456 to 463
72	-10	56	-24	57	-5	56	-17	cell = 464 to 471
71	3	65	9	70	18	36	-27	cell = 472 to 479
45	-14	47	-25	30	-10	48	-7	cell = 480 to 487
24	24	29	-61	16	-22	78	4	cell = 488 to 495
21	-9	-11	-59	-42	-68	-25	-120	cell = 496 to 503
69	-7	59	-21	32	-2	38	-44	cell = 504 to 511
2	-28	-39	2	-56	-37	-45	-38	cell = 512 to 519
-25	-34	17	-34	8	-42	-18	-20	cell = 520 to 527
-9	-28	3	4	-6	-10	-10	-73	cell = 528 to 535
-53	-41	-44	-3	-21	-18	-21	-48	cell = 536 to 543
6	-47	-40	26	-7	-12	-29	3	cell = 544 to 551
-25	-41	-36	-14	14	-4	16	-48	cell = 552 to 559
-50	-33	-2	-41	19	44	18	-29	cell = 560 to 567
-17	-2	-7	-7	-16	-39	-17	-13	cell = 568 to 575
-6	-15	4	-6	-21	-37	-41	2	cell = 576 to 583
0	-3	-3	0	-41	-34	17	-43	cell = 584 to 591
23	-16	-3	-21	-15	16	-6	-2	cell = 592 to 599
-33	-1	-9	-45	-30	-55	-11	8	cell = 600 to 607
1	35	-12	-35	-11	-10	-12	-12	cell = 608 to 615
6	-59	-55	-18	-3	3	-6	1	cell = 616 to 623
-17	-13	0	1	-6	-6	5	-20	cell = 624 to 631
0	24	-33	-25	-13	-32	-41	-12	cell = 632 to 639
-29	-37	-20	-7	-15	-5	-24	3	cell = 640 to 647
18	5	-56	-11	46	-6	25	4	cell = 648 to 655
20	14	-36	-5	-4	-41	-22	-20	cell = 656 to 663
-36	-24	-30	19	19	-42	0	-22	cell = 664 to 671
-11	-31	10	-5	-32	1	-33	-4	cell = 672 to 679
-9	-5	-19	3	-39	4	-38	-28	cell = 680 to 687
-30	-16	-55	-25	-7	-51	-4	12	cell = 688 to 695
39	-26	-30	1	-47	7	-68	16	cell = 696 to 703
5	-18	-32	-54	18	-17	-51	-21	cell = 704 to 711
-39	-8	-50	-7	-59	-2	34	-18	cell = 712 to 719
7	-56	-31	33	-23	-15	-15	1	cell = 720 to 727
-35	-7	-18	9	-14	-14	-50	-41	cell = 728 to 735
-17	-37	-36	15	-14	-43	10	-1	cell = 736 to 743
-6	24	-28	-60	-40	-35	-56	-47	cell = 744 to 751
-18	17	-33	-37	-14	4	-11	-24	cell = 752 to 759
-45	-41	-13	-1	-38	-29	-22	-10	cell = 760 to 767
-4	-9	-8	-44	-21	-51	-5	-54	cell = 768 to 775
-10	-15	16	-19	-26	11	-38	-36	cell = 776 to 783
23	-25	-49	-3	2	-12	33	-35	cell = 784 to 791
-19	-24	-24	-56	-23	-20	-24	4	cell = 792 to 799
-3	-13	-17	1	-11	0	-28	-8	cell = 800 to 807
-11	-13	-39	-2	-39	58	1	-29	cell = 808 to 815
-5	-41	-20	7	9	-2	-22	-39	cell = 816 to 823
-41	-8	-33	-4	-45	-35	-15	-30	cell = 824 to 831
-21	-53	-31	-7	-15	6	15	-16	cell = 832 to 839
-32	-30	-24	-25	8	-15	-22	3	cell = 840 to 847
-8	-31	-27	-51	-24	-48	-9	-51	cell = 848 to 855
-26	-15	-37	9	-16	-30	-24	12	cell = 856 to 863
-30	-54	-64	-10	-38	-61	2	-71	cell = 864 to 871
-1	-37	-12	-17	-2	2	-56	-1	cell = 872 to 879
-5	-37	-25	18	-3	-2	-59	-23	cell = 880 to 887
-23	-15	-6	-41	2	1	-23	10	cell = 888 to 895
-16	-18	-31	-46	-9	6	-24	-31	cell = 896 to 903
-2	-47	-62	-17	3	-41	-55	-4	cell = 904 to 911
1	-28	-30	20	-39	-32	-65	-20	cell = 912 to 919
11	-68	7	1	35	-26	-18	-31	cell = 920 to 927
-36	-36	-51	-37	-28	-21	-28	-12	cell = 928 to 935
-2	0	-6	4	4	9	-29	13	cell = 936 to 943
-30	-59	-17	8	-43	-8	-36	27	cell = 944 to 951
-37	-9	-22	-72	18	16	27	-16	cell = 952 to 959
-37	7	52	-35	-57	8	-53	-34	cell = 960 to 967
-16	-53	-51	-2	-51	-42	-27	5	cell = 968 to 975
-47	-34	-84	-20	19	3	-6	-19	cell = 976 to 983
-8	-12	-57	-10	-23	-29	-2	-2	cell = 984 to 991
0	-18	-52	2	18	-14	-7	-27	cell = 992 to 999
-28	-44	-1	-6	-72	-17	-46	-21	cell = 1000 to 1007
-12	-5	-46	-63	9	-2	-14	-16	cell = 1008 to 1015
-2	-20	-60	-28	-24	-54	-42	-20	cell = 1016 to 1023
Calibration values from cell 0 to 1024 for channel 2:

16	-45	78	0	30	37	33	-5	cell = 0 to 7
6	-2	78	23	63	-5	32	-3	cell = 8 to 15
23	19	13	-36	61	-58	62	4	cell = 16 to 23
33	-6	-15	-29	44	-12	64	-16	cell = 24 to 31
50	-2	51	-36	40	24	37	10	cell = 32 to 39
1	5	81	30	41	-24	62	-33	cell = 40 to 47
33	-19	63	-43	29	-5	26	-7	cell = 48 to 55
69	7	27	-20	44	20	23	20	cell = 56 to 63
84	-18	16	-15	9	7	49	-36	cell = 64 to 71
48	6	44	-47	45	-14	77	1	cell = 72 to 79
58	-12	40	-6	58	-24	43	22	cell = 80 to 87
99	-9	56	10	48	-2	18	-16	cell = 88 to 95
38	-12	82	-10	50	-2	85	-27	cell = 96 to 103
69	24	10	-2	80	-16	46	-14	cell = 104 to 111
66	-29	31	1	49	-18	61	-2	cell = 112 to 119
41	9	23	7	22	-19	48	-44	cell = 120 to 127
60	-6	4	0	24	-36	26	22	cell = 128 to 135
38	9	50	-20	45	-9	58	-38	cell = 136 to 143
78	-1	52	-29	50	29	36	-10	cell = 144 to 151
7	18	6	-13	79	32	38	2	cell = 152 to 159
23	6	121	-28	47	8	53	8	cell = 160 to 167
25	-1	73	-5	49	-16	79	-19	cell = 168 to 175
19	24	47	-30	24	37	78	-11	cell = 176 to 183
77	-36	30	-26	44	-31	46	-33	cell = 184 to 191
66	-39	18	-37	37	7	22	0	cell = 192 to 199
19	13	24	-3	77	-22	83	-29	cell = 200 to 207
8	0	25	10	41	-28	52	-33	cell = 208 to 215
71	-6	57	-31	46	-2	28	16	cell = 216 to 223
9	-49	79	1	34	17	81	-14	cell = 224 to 231
54	10	26	27	48	3	45	36	cell = 232 to 239
48	0	75	-32	46	5	64	-2	cell = 240 to 247
10	-6	65	-9	51	-40	76	-38	cell = 248 to 255
36	-9	31	-19	49	49	28	25	cell = 256 to 263
17	15	46	-30	47	-34	52	-17	cell = 264 to 271
41	-51	31	-47	6	-10	51	-8	cell = 272 to 279
9	-5	63	6	65	-32	51	-26	cell = 280 to 287
74	14	24	11	14	12	58	36	cell = 288 to 295
54	35	28	-27	76	-5	64	-5	cell = 296 to 303
131	-26	26	12	47	-22	52	7	cell = 304 to 311
27	21	59	8	87	19	28	-3	cell = 312 to 319
50	-19	85	-18	71	-9	34	-42	cell = 320 to 327
53	-18	57	-12	19	-18	56	-21	cell = 328 to 335
31	-55	14	-33	60	-37	40	5	cell = 336 to 343
25	-2	38	-24	62	26	32	-18	cell = 344 to 351
16	16	28	-2	64	-5	54	25	cell = 352 to 359
44	-16	38	-27	42	-6	44	13	cell = 360 to 367
48	11	66	-24	59	-2	58	-9	cell = 368 to 375
76	-4	75	26	37	-33	15	49	cell = 376 to 383
57	-32	46	1	3	-2	61	2	cell = 384 to 391
6	16	11	10	7	22	59	-13	cell = 392 to 399
40	9	54	-46	55	-6	45	-22	cell = 400 to 407
39	-28	19	0	61	-25	29	-17	cell = 408 to 415
37	-27	53	18	26	7	66	-4	cell = 416 to 423
34	15	61	25	44	-35	63	-29	cell = 424 to 431
69	-33	27	-41	5	-4	80	-11	cell = 432 to 439
23	20	69	3	65	-40	59	13	cell = 440 to 447
81	-13	7	-20	77	0	39	-6	cell = 448 to 455
50	7	52	-7	13	-46	36	15	cell = 456 to 463
49	4	30	17	32	19	43	0	cell = 464 to 471
48	25	37	-31	53	-3	62	7	cell = 472 to 479
65	-21	42	18	51	26	27	-16	cell = 480 to 487
41	-28	34	-15	42	21	57	5	cell = 488 to 495
51	-11	-67	-93	-23	-68	-42	-62	cell = 496 to 503
42	-34	64	-22	22	4	38	-66	cell = 504 to 511
-34	-76	16	-64	5	-7	-46	-49	cell = 512 to 519
-16	-6	-39	-28	1	5	-51	3	cell = 520 to 527
-23	-48	-26	-6	-4	-69	-12	-38	cell = 528 to 535
-4	-37	-26	-30	-21	-28	-27	-19	cell = 536 to 543
-6	-35	-12	22	-59	-25	-37	-55	cell = 544 to 551
-25	16	-18	-7	-14	23	-15	-6	cell = 552 to 559
9	30	-33	21	-47	-56	-55	1	cell = 560 to 567
-28	-22	-52	-39	-15	-10	22	-39	cell = 568 to 575
5	-6	-42	-11	-54	-38	5	-31	cell = 576 to 583
-2	-32	2	-22	-39	6	-60	-39	cell = 584 to 591
-51	-22	-25	-24	7	-5	-8	-11	cell = 592 to 599
-31	-14	-46	-19	-15	-37	-51	-2	cell = 600 to 607
5	-37	-43	14	-56	-55	14	-22	cell = 608 to 615
9	-14	-12	-19	-39	-18	-45	-35	cell = 616 to 623
-26	-47	31	-30	-5	7	16	27	cell = 624 to 631
-6	-3	-41	-20	-1	-32	-3	11	cell = 632 to 639
-31	-62	7	-30	-9	-8	-13	-15	cell = 640 to 647
-16	-25	6	-11	5	-45	-37	0	cell = 648 to 655
-49	-59	7	-39	-16	22	4	-21	cell = 656 to 663
-2	-29	0	-46	-40	-10	-32	-27	cell = 664 to 671
-6	-10	-37	2	-2	-1	-3	-49	cell = 672 to 679
-25	-77	-22	8	-4	3	5	9	cell = 680 to 687
-24	-2	17	-19	3	-46	-4	-32	cell = 688 to 695
-11	-52	-27	-8	-39	-11	-27	-37	cell = 696 to 703
22	35	-6	-26	13	-19	-17	-49	cell = 704 to 711
-35	-22	-19	-38	-28	-24	-19	13	cell = 712 to 719
8	-28	-11	-12	-9	-48	-23	-12	cell = 720 to 727
-32	-18	0	6	-36	0	0	-47	cell = 728 to 735
-35	-63	-30	-41	-4	2	-48	-46	cell = 736 to 743
-18	7	-16	-27	5	-29	-28	21	cell = 744 to 751
-43	-4	-9	-35	-18	20	-52	-12	cell = 752 to 759
-14	-25	-40	-73	27	4	-68	-28	cell = 760 to 767
-35	-8	-11	-22	-14	-14	-32	-29	cell = 768 to 775
-9	-23	-58	-16	-7	-25	-16	-24	cell = 776 to 783
-19	-47	11	-18	-11	-46	-47	-3	cell = 784 to 791
-2	9	-31	8	-42	-56	-29	-14	cell = 792 to 799
-8	-3	-2	15	-35	-9	-54	-13	cell = 800 to 807
-20	-9	-2	2	-2	-55	-36	-18	cell = 808 to 815
9	-23	-51	-32	-12	-42	14	-29	cell = 816 to 823
22	-35	-10	-10	12	20	-34	-64	cell = 824 to 831
-18	-3	-45	10	-34	-6	-14	-17	cell = 832 to 839
-4	13	-2	-33	-4	-18	-48	-29	cell = 840 to 847
19	-64	-50	-60	-13	-8	-40	0	cell = 848 to 855
-14	-47	-16	-17	-40	-34	-37	-33	cell = 856 to 863
-8	4	-22	-6	-31	-6	-20	-23	cell = 864 to 871
2	-61	1	26	-22	-26	3	0	cell = 872 to 879
16	10	-31	13	3	9	-27	5	cell = 880 to 887
13	22	-42	0	-25	-36	-23	-11	cell = 888 to 895
21	2	5	-24	13	-40	-28	-31	cell = 896 to 903
-28	-27	-13	-8	-2	-38	-14	-16	cell = 904 to 911
10	-47	-28	-42	-43	-9	-39	-30	cell = 912 to 919
-34	-2	-33	-46	-14	-6	-41	-17	cell = 920 to 927
-62	-30	10	-15	5	-9	-35	-4	cell = 928 to 935
-24	-3	-28	-31	16	-13	-45	15	cell = 936 to 943
9	-51	-20	-22	-14	-14	5	-14	cell = 944 to 951
-27	-35	-36	-28	-7	3	3	-14	cell = 952 to 959
2	-23	-14	25	-31	-9	-32	-14	cell = 960 to 967
-12	-20	-38	-14	-28	-18	-73	-35	cell = 968 to 975
-5	-20	-16	12	-30	-16	12	-39	cell = 976 to 983
-38	-4	-49	21	3	-41	-47	30	cell = 984 to 991
-13	16	-47	-9	-14	-37	-32	6	cell = 992 to 999
21	-11	-44	30	-6	-43	-29	-44	cell = 1000 to 1007
10	-3	-46	-37	-42	5	13	-35	cell = 1008 to 1015
22	8	-33	-6	6	-11	-35	-37	cell = 1016 to 1023
Calibration values from cell 0 to 1024 for channel 3:

47	19	16	-3	21	-30	47	11	cell = 0 to 7
69	17	32	-10	11	-67	63	14	cell = 8 to 15
35	21	6	-15	45	33	12	0	cell = 16 to 23
8	-15	48	11	53	-38	55	-3	cell = 24 to 31
6	21	39	-37	5	22	82	-19	cell = 32 to 39
77	-24	67	6	37	-29	50	3	cell = 40 to 47
42	4	70	-40	19	-21	72	-44	cell = 48 to 55
35	-14	61	-30	50	-50	31	8	cell = 56 to 63
66	5	42	17	36	36	-9	7	cell = 64 to 71
50	-11	45	12	37	-30	49	-23	cell = 72 to 79
32	-28	52	-12	21	1	39	-28	cell = 80 to 87
6	5	61	-10	38	19	60	-38	cell = 88 to 95
66	2	50	7	31	19	73	-38	cell = 96 to 103
19	-34	68	18	16	-18	48	-39	cell = 104 to 111
56	-15	31	-6	12	-24	26	-9	cell = 112 to 119
73	-28	31	-34	-28	0	45	-50	cell = 120 to 127
14	9	40	-3	35	-19	41	18	cell = 128 to 135
50	-30	68	-19	44	26	63	32	cell = 136 to 143
16	-16	41	8	14	12	63	15	cell = 144 to 151
100	-9	67	0	41	-7	37	-5	cell = 152 to 159
78	-22	24	-5	76	-22	34	2	cell = 160 to 167
26	-21	57	1	47	-40	23	-31	cell = 168 to 175
47	3	53	-14	60	5	38	2	cell = 176 to 183
83	-23	26	-39	37	-1	54	-10	cell = 184 to 191
59	-54	77	-16	62	0	44	-23	cell = 192 to 199
54	23	10	12	69	-25	23	-7	cell = 200 to 207
77	-14	44	-23	84	-39	84	8	cell = 208 to 215
83	-35	28	-20	44	2	-5	7	cell = 216 to 223
19	-27	28	-9	45	22	47	-28	cell = 224 to 231
84	6	27	2	35	-13	67	-4	cell = 232 to 239
62	22	39	7	46	9	46	25	cell = 240 to 247
36	-12	61	14	22	32	43	3	cell = 248 to 255
51	19	74	-32	26	-8	36	-12	cell = 256 to 263
9	-3	10	-4	22	-19	44	-48	cell = 264 to 271
42	-18	57	-50	4	-17	68	-18	cell = 272 to 279
31	-41	38	-38	49	-32	73	-39	cell = 280 to 287
51	-17	24	-47	27	-22	45	6	cell = 288 to 295
39	-40	2	-6	84	27	88	1	cell = 296 to 303
78	8	4	15	31	19	75	-2	cell = 304 to 311
16	-16	81	-51	15	-47	45	-11	cell = 312 to 319
54	3	8	-38	31	-22	50	-42	cell = 320 to 327
31	-8	36	-52	30	-7	66	54	cell = 328 to 335
43	-19	6	-35	93	-16	23	4	cell = 336 to 343
49	-24	46	-32	58	6	77	34	cell = 344 to 351
29	10	71	-2	95	-46	58	-2	cell = 352 to 359
47	-28	34	10	22	18	20	-4	cell = 360 to 367
2	-16	55	-13	30	27	74	3	cell = 368 to 375
74	0	70	0	15	6	81	20	cell = 376 to 383
6	-16	81	-35	26	-7	48	-49	cell = 384 to 391
83	-21	28	-3	39	18	52	14	cell = 392 to 399
23	12	-6	24	15	-5	63	-31	cell = 400 to 407
94	0	8	-37	56	-1	36	-38	cell = 408 to 415
87	13	22	-41	46	-5	64	-14	cell = 416 to 423
18	19	62	36	55	11	47	-26	cell = 424 to 431
65	-15	34	-35	6	-3	11	19	cell = 432 to 439
-2	23	45	2	86	-12	-2	-28	cell = 440 to 447
68	1	39	-29	41	-27	73	-8	cell = 448 to 455
44	-42	27	-24	18	-51	73	9	cell = 456 to 463
6	-28	62	32	33	5	9	-26	cell = 464 to 471
32	-24	44	-12	29	-9	21	-11	cell = 472 to 479
33	4	45	-4	36	-31	29	-4	cell = 480 to 487
15	-42	48	8	57	-5	43	36	cell = 488 to 495
60	20	-40	-55	-18	-70	-37	-59	cell = 496 to 503
79	42	46	22	34	21	63	-29	cell = 504 to 511
-32	-39	-32	-53	10	-40	-21	-19	cell = 512 to 519
-2	12	2	-21	-14	-9	-1	-15	cell = 520 to 527
-25	-32	7	-32	-23	-21	-43	-14	cell = 528 to 535
-7	-16	22	2	-20	-46	-31	-30	cell = 536 to 543
-30	-25	-8	-11	-2	0	-31	29	cell = 544 to 551
-27	-26	-61	2	-37	0	-22	-20	cell = 552 to 559
11	-5	-22	-36	0	-2	-65	26	cell = 560 to 567
18	-45	-28	-9	14	-1	7	-27	cell = 568 to 575
-34	-49	-78	-35	-26	-12	-19	-34	cell = 576 to 583
-17	-22	-26	-74	2	-31	-47	-52	cell = 584 to 591
-7	17	-24	-3	32	9	25	-7	cell = 592 to 599
-22	-15	-18	40	-5	21	-22	-8	cell = 600 to 607
-58	-5	4	-18	-45	-2	-31	-50	cell = 608 to 615
-12	-32	-26	-33	-31	-26	-30	-6	cell = 616 to 623
-27	-14	-7	-19	-6	-20	-22	-27	cell = 624 to 631
0	15	-10	-17	-23	2	-22	1	cell = 632 to 639
9	-38	-5	-22	21	3	-60	-33	cell = 640 to 647
12	-38	-27	-78	-44	-27	0	-37	cell = 648 to 655
-50	-77	9	-49	4	4	-25	-14	cell = 656 to 663
-5	-33	-15	-19	-24	-23	-13	-24	cell = 664 to 671
36	5	-32	14	3	-18	-19	-13	cell = 672 to 679
-49	-6	-30	-49	-32	-24	-24	-8	cell = 680 to 687
12	12	-8	12	-26	-36	-19	-56	cell = 688 to 695
44	20	-61	-19	-29	0	10	-53	cell = 696 to 703
-16	-28	-24	-6	-25	-34	-24	-31	cell = 704 to 711
-31	-48	11	-5	1	-34	-10	-33	cell = 712 to 719
-44	-24	-25	20	-23	-10	-35	-42	cell = 720 to 727
20	-18	-31	-41	-7	-16	-13	9	cell = 728 to 735
-50	-17	-26	-5	-30	10	-52	-27	cell = 736 to 743
5	-36	-20	0	-5	0	-26	13	cell = 744 to 751
15	-42	3	-62	-43	-3	5	12	cell = 752 to 759
-23	-65	-34	-31	-11	-15	9	-29	cell = 760 to 767
-16	-14	-20	1	18	-16	-4	-10	cell = 768 to 775
8	-6	-47	-19	11	-8	-3	-35	cell = 776 to 783
10	-10	-41	-20	-28	-44	2	-36	cell = 784 to 791
2	-23	-42	-8	-2	-5	-1	-18	cell = 792 to 799
-45	-12	-18	23	-10	-41	-29	-2	cell = 800 to 807
-42	2	-6	-41	5	-15	-48	-3	cell = 808 to 815
-35	12	-22	2	-25	-5	-22	12	cell = 816 to 823
-11	-35	-59	-4	-37	22	-49	-23	cell = 824 to 831
-46	-21	-29	-13	-20	-6	-55	-53	cell = 832 to 839
-10	7	10	-32	23	-22	-27	-54	cell = 840 to 847
5	-64	-30	-13	-36	-18	-3	-42	cell = 848 to 855
-53	-37	-8	-3	-6	-8	0	-2	cell = 856 to 863
-17	-7	-23	-32	19	-5	-50	-10	cell = 864 to 871
16	17	-11	36	23	-41	-25	-29	cell = 872 to 879
-6	-36	-29	-16	13	5	2	-29	cell = 880 to 887
-28	-61	-28	-12	0	-33	-25	-37	cell = 888 to 895
-52	-31	-1	-18	-6	-68	-24	-24	cell = 896 to 903
-7	-26	-7	-36	-16	-29	16	21	cell = 904 to 911
29	3	4	-24	7	-26	-35	-40	cell = 912 to 919
-6	25	-46	-28	-24	-12	12	-18	cell = 920 to 927
-5	5	-14	-15	8	20	-17	17	cell = 928 to 935
-21	-24	-37	-17	35	-3	8	-11	cell = 936 to 943
29	-12	4	32	15	-64	-11	-31	cell = 944 to 951
-2	-52	-53	-45	-16	-4	-42	26	cell = 952 to 959
-12	-14	-12	11	25	-27	-4	-9	cell = 960 to 967
-23	-8	-4	4	-32	-30	-26	4	cell = 968 to 975
-47	-31	12	-53	-48	-6	-5	-33	cell = 976 to 983
41	-33	-11	-63	6	-42	6	-7	cell = 984 to 991
14	-7	-45	-39	26	-10	1	-25	cell = 992 to 999
-13	-17	-7	-62	-40	-22	25	-10	cell = 1000 to 1007
0	-10	-46	-54	25	-14	-3	-33	cell = 1008 to 1015
-36	-71	-18	-43	-17	-5	-22	12	cell = 1016 to 1023
Calibration values from cell 0 to 1024 for channel 4:

37	-30	50	-14	76	-13	46	-20	cell = 0 to 7
33	-46	55	-35	56	9	47	-35	cell = 8 to 15
28	-49	62	-31	33	-46	49	-26	cell = 16 to 23
39	-19	37	-53	15	-12	72	-70	cell = 24 to 31
68	-12	75	-25	73	25	4	-17	cell = 32 to 39
33	35	72	-23	56	-6	43	-18	cell = 40 to 47
38	17	50	-26	57	-30	59	-61	cell = 48 to 55
34	-7	51	39	28	-15	31	3	cell = 56 to 63
3	2	-20	-13	49	-37	47	16	cell = 64 to 71
-8	15	30	-1	30	24	86	7	cell = 72 to 79
62	20	103	-40	49	6	36	3	cell = 80 to 87
68	-25	42	-9	81	7	52	-9	cell = 88 to 95
58	3	79	9	63	35	100	20	cell = 96 to 103
59	-28	42	-53	10	20	62	-18	cell = 104 to 111
66	-7	30	-20	34	-18	42	-4	cell = 112 to 119
68	-12	49	-24	51	27	34	-34	cell = 120 to 127
20	23	37	-35	19	-14	28	0	cell = 128 to 135
54	-15	42	-10	26	-41	39	-32	cell = 136 to 143
32	-21	52	2	12	-15	20	30	cell = 144 to 151
36	-35	62	-26	69	-23	61	11	cell = 152 to 159
12	6	100	-35	3	12	26	16	cell = 160 to 167
41	22	61	19	30	4	89	-10	cell = 168 to 175
38	31	38	29	56	-35	43	-7	cell = 176 to 183
25	-44	23	-4	41	-2	33	-42	cell = 184 to 191
28	27	34	-10	25	-8	20	-27	cell = 192 to 199
90	-1	76	-13	27	0	79	-34	cell = 200 to 207
32	19	45	5	12	32	46	-9	cell = 208 to 215
59	5	43	-22	82	-5	80	-10	cell = 216 to 223
34	-2	22	5	42	22	52	5	cell = 224 to 231
22	0	34	-11	62	13	71	-39	cell = 232 to 239
30	11	31	2	75	-8	45	39	cell = 240 to 247
36	12	27	-21	34	18	2	15	cell = 248 to 255
27	-52	-8	-13	12	5	57	-3	cell = 256 to 263
24	4	48	-40	33	7	59	13	cell = 264 to 271
48	-32	46	-11	77	-1	46	-36	cell = 272 to 279
34	-15	58	2	42	14	36	-46	cell = 280 to 287
71	-27	42	-9	24	-21	37	-43	cell = 288 to 295
65	-10	-24	10	29	-17	29	-62	cell = 296 to 303
60	18	45	21	74	16	61	0	cell = 304 to 311
40	-28	22	-23	51	-41	9	11	cell = 312 to 319
58	2	64	21	7	1	71	-8	cell = 320 to 327
30	-43	10	26	23	44	49	-5	cell = 328 to 335
49	22	57	-29	37	-10	97	-8	cell = 336 to 343
38	-30	77	-45	84	-25	21	-1	cell = 344 to 351
30	-6	51	-22	61	-9	21	-16	cell = 352 to 359
35	19	19	-42	74	54	91	-33	cell = 360 to 367
58	-45	3	-4	68	21	12	-20	cell = 368 to 375
4	-26	50	-6	68	-9	18	25	cell = 376 to 383
49	-11	83	-29	16	-40	82	6	cell = 384 to 391
17	0	15	7	43	-42	47	4	cell = 392 to 399
82	-24	71	-10	30	39	61	-35	cell = 400 to 407
51	-3	55	15	66	-2	37	-32	cell = 408 to 415
47	-7	73	-11	29	3	66	4	cell = 416 to 423
27	14	60	19	29	-49	9	-10	cell = 424 to 431
45	17	71	1	54	28	56	-10	cell = 432 to 439
6	-46	36	-18	83	-20	14	-23	cell = 440 to 447
53	-33	37	-1	26	1	36	-7	cell = 448 to 455
50	-17	63	-8	68	-4	74	-47	cell = 456 to 463
22	34	41	8	24	-40	55	-14	cell = 464 to 471
33	-16	61	33	50	-12	38	-10	cell = 472 to 479
-3	22	22	-65	39	-10	80	4	cell = 480 to 487
49	-14	60	-23	51	-19	24	-59	cell = 488 to 495
55	23	-61	-112	10	-78	-45	-74	cell = 496 to 503
38	18	36	15	-10	-14	40	-35	cell = 504 to 511
-4	-14	-23	-15	-31	-24	-23	-44	cell = 512 to 519
-11	-58	-41	-27	-20	-14	-31	-69	cell = 520 to 527
-22	9	5	-19	-35	-15	28	-36	cell = 528 to 535
-34	-18	-12	-51	26	12	-32	18	cell = 536 to 543
-22	-47	-44	-7	-34	-55	37	-39	cell = 544 to 551
9	-21	-27	3	-19	-32	-37	-13	cell = 552 to 559
-15	-5	18	-10	-10	-12	-25	-54	cell = 560 to 567
6	-6	-17	-2	-17	-12	-13	-13	cell = 568 to 575
-25	-20	-11	-35	-13	-18	-11	2	cell = 576 to 583
-7	-24	18	-17	-8	-27	-11	-12	cell = 584 to 591
-13	-18	-39	-11	11	10	-2	1	cell = 592 to 599
6	13	-26	11	-25	-16	-7	12	cell = 600 to 607
-27	-15	2	-1	7	-25	-8	18	cell = 608 to 615
-5	0	14	0	-36	-12	-39	-4	cell = 616 to 623
-31	-3	-29	-9	-34	17	-33	-12	cell = 624 to 631
-7	-15	11	-24	1	-3	-24	-60	cell = 632 to 639
-21	-26	-59	-2	-12	15	-42	-26	cell = 640 to 647
-21	-2	3	5	-39	9	14	15	cell = 648 to 655
-9	16	18	-79	-31	-40	29	-31	cell = 656 to 663
-43	-26	16	2	-26	-7	-35	-6	cell = 664 to 671
-35	-26	21	-53	7	-36	-43	6	cell = 672 to 679
-38	-12	-38	-9	-22	-26	-37	4	cell = 680 to 687
1	-24	23	-24	-15	-15	-27	-44	cell = 688 to 695
-12	9	-27	-29	38	-13	-64	-12	cell = 696 to 703
-28	-21	-13	-40	-9	-46	-35	38	cell = 704 to 711
6	-40	11	-37	-23	-28	-21	-38	cell = 712 to 719
-10	-23	-11	3	-48	-46	8	-6	cell = 720 to 727
-28	-41	-32	-8	-36	13	-37	-1	cell = 728 to 735
17	-26	-62	-31	14	-31	-1	9	cell = 736 to 743
35	24	-29	-5	-69	-14	-58	-19	cell = 744 to 751
-14	-20	-66	-35	-26	-44	-8	-23	cell = 752 to 759
4	-13	7	-30	-41	-8	-17	-19	cell = 760 to 767
-23	-22	-28	-24	-45	-5	-65	-52	cell = 768 to 775
-37	-45	-8	-2	-19	-46	-26	2	cell = 776 to 783
-46	-42	-49	-3	-24	-28	-36	-3	cell = 784 to 791
-32	-55	6	4	-15	-37	-34	-15	cell = 792 to 799
21	-40	-7	-64	0	-21	-2	-57	cell = 800 to 807
-29	4	-42	7	-32	9	-35	-18	cell = 808 to 815
-3	-8	-16	4	-69	-3	-34	-43	cell = 816 to 823
-28	-5	-32	-35	-36	-4	21	-21	cell = 824 to 831
0	-55	-44	8	-4	8	-41	-44	cell = 832 to 839
-14	5	-78	-60	-30	-36	25	-24	cell = 840 to 847
-32	6	-10	-39	17	-36	15	-24	cell = 848 to 855
6	-23	-7	-11	-24	-53	20	-17	cell = 856 to 863
-30	-72	-9	10	-10	-28	9	-4	cell = 864 to 871
-23	-78	-12	3	6	-3	4	-44	cell = 872 to 879
-55	-43	-34	22	19	20	-50	-36	cell = 880 to 887
-43	-8	-16	-22	-7	-40	-16	-10	cell = 888 to 895
17	-12	-12	-3	14	-36	-69	-10	cell = 896 to 903
-12	-25	6	25	-47	-18	-37	-27	cell = 904 to 911
-4	-4	-44	-24	-21	-49	-28	19	cell = 912 to 919
-17	-67	9	6	8	-24	-12	56	cell = 920 to 927
-18	-36	-39	12	-33	28	-39	-11	cell = 928 to 935
-1	20	1	-61	-17	-38	-13	-19	cell = 936 to 943
-27	-34	-12	-35	-18	-48	11	-5	cell = 944 to 951
-14	22	-19	-26	-8	-9	-23	19	cell = 952 to 959
-39	-26	-16	10	-14	-27	-70	14	cell = 960 to 967
-5	-27	6	0	-38	-28	-2	-52	cell = 968 to 975
-5	25	-8	-26	-8	-16	-11	3	cell = 976 to 983
-23	-13	-21	-24	-23	-9	-21	-37	cell = 984 to 991
-35	-37	-22	18	17	-5	-16	-39	cell = 992 to 999
1	-22	16	2	-9	-43	-14	13	cell = 1000 to 1007
-2	-18	-17	-29	1	-16	-8	7	cell = 1008 to 1015
-24	-45	-15	-10	-39	-45	-43	10	cell = 1016 to 1023
Calibration values from cell 0 to 1024 for channel 5:

44	-6	64	-3	45	-12	45	-34	cell = 0 to 7
23	-4	63	52	44	-23	18	-21	cell = 8 to 15
59	-6	62	0	33	-4	11	-47	cell = 16 to 23
93	49	16	0	44	-28	40	8	cell = 24 to 31
51	38	28	-26	37	-2	53	-8	cell = 32 to 39
60	7	58	-21	28	3	23	17	cell = 40 to 47
59	-24	38	1	55	-22	65	-41	cell = 48 to 55
61	22	46	-18	47	-49	22	31	cell = 56 to 63
40	19	56	9	3	-7	67	4	cell = 64 to 71
54	-25	56	-65	39	0	50	-19	cell = 72 to 79
30	7	37	7	53	-15	60	26	cell = 80 to 87
28	-24	77	-8	65	-35	56	-20	cell = 88 to 95
76	7	43	30	38	-23	23	-13	cell = 96 to 103
68	-21	22	-30	61	-2	53	-46	cell = 104 to 111
45	17	48	25	80	-30	36	-15	cell = 112 to 119
68	-45	55	-31	26	-30	29	-30	cell = 120 to 127
47	-53	43	-3	39	-26	24	-14	cell = 128 to 135
89	-35	31	23	18	11	12	0	cell = 136 to 143
7	-43	0	16	31	5	44	44	cell = 144 to 151
38	-19	56	-1	51	-32	64	-7	cell = 152 to 159
15	-28	35	-21	24	-39	38	41	cell = 160 to 167
22	-17	75	-15	22	-29	39	-18	cell = 168 to 175
19	-50	25	-5	29	17	16	-8	cell = 176 to 183
47	-7	55	-9	51	-24	16	-23	cell = 184 to 191
37	-26	40	-35	58	5	43	-42	cell = 192 to 199
33	-24	50	-18	53	-11	50	-2	cell = 200 to 207
66	32	19	-4	14	-74	30	-7	cell = 208 to 215
72	-8	34	-8	54	-38	60	-58	cell = 216 to 223
30	23	50	-9	16	-10	38	0	cell = 224 to 231
33	-33	37	-14	55	-5	31	-8	cell = 232 to 239
35	-5	66	-16	9	-9	59	6	cell = 240 to 247
67	13	48	-6	51	24	19	23	cell = 248 to 255
37	15	33	0	71	-4	28	11	cell = 256 to 263
32	4	47	-92	32	2	36	-28	cell = 264 to 271
0	21	28	21	43	-10	21	-8	cell = 272 to 279
26	41	-4	6	22	-3	32	-19	cell = 280 to 287
0	-3	89	-32	44	-1	44	4	cell = 288 to 295
53	15	44	9	55	16	54	-19	cell = 296 to 303
69	13	26	-12	42	4	53	-3	cell = 304 to 311
12	49	33	-18	16	-10	55	-27	cell = 312 to 319
30	30	61	-19	35	9	17	-28	cell = 320 to 327
56	36	28	14	57	-14	51	-39	cell = 328 to 335
72	-5	60	13	44	-12	31	-35	cell = 336 to 343
73	-6	30	-3	51	-25	78	-21	cell = 344 to 351
37	5	34	-26	40	-23	61	-17	cell = 352 to 359
50	-21	39	-15	36	-32	28	-22	cell = 360 to 367
24	-4	68	-8	36	-23	68	-8	cell = 368 to 375
21	5	56	-26	68	2	33	-26	cell = 376 to 383
54	0	26	-24	23	-5	57	35	cell = 384 to 391
50	10	27	3	52	17	72	-27	cell = 392 to 399
18	0	41	-42	43	-58	50	-13	cell = 400 to 407
28	-38	41	-11	35	-38	80	-3	cell = 408 to 415
57	35	58	23	-6	-16	10	0	cell = 416 to 423
79	6	56	-25	33	-17	32	19	cell = 424 to 431
32	-11	26	-13	41	-30	17	-29	cell = 432 to 439
27	-21	74	-30	27	10	34	-47	cell = 440 to 447
-6	49	25	-16	12	-23	36	1	cell = 448 to 455
19	4	53	11	11	-40	62	-19	cell = 456 to 463
13	-2	11	1	60	-24	30	-47	cell = 464 to 471
63	-29	60	5	29	-6	54	-29	cell = 472 to 479
8	3	60	14	32	-5	49	-47	cell = 480 to 487
96	13	55	34	44	0	40	-9	cell = 488 to 495
23	2	-16	-104	-40	-82	-11	-57	cell = 496 to 503
66	6	17	-36	29	-39	70	-21	cell = 504 to 511
-32	23	-34	-47	-17	-24	3	-11	cell = 512 to 519
-59	10	-20	-32	-33	23	-2	3	cell = 520 to 527
-7	-9	-44	-35	-20	-4	-14	-14	cell = 528 to 535
-22	-30	-67	-5	-39	-43	-7	6	cell = 536 to 543
-8	26	-4	14	-17	-41	1	-13	cell = 544 to 551
-41	-50	-3	12	0	-29	26	4	cell = 552 to 559
3	-20	-5	-1	0	13	-40	-8	cell = 560 to 567
-10	-28	-20	-21	-13	-44	-42	-43	cell = 568 to 575
9	-30	-42	-11	-21	5	-17	-13	cell = 576 to 583
-35	-44	-26	-22	-24	-29	-40	-2	cell = 584 to 591
14	8	2	-40	20	-44	-23	-47	cell = 592 to 599
-61	-65	-19	-19	-3	-28	-27	3	cell = 600 to 607
-53	-62	12	-28	-31	-24	-26	24	cell = 608 to 615
-13	-32	-80	4	-8	-35	-24	7	cell = 616 to 623
-2	-17	-39	-68	-21	-27	6	-34	cell = 624 to 631
-6	6	-38	6	1	4	-17	-33	cell = 632 to 639
-15	-37	32	-3	-41	-14	-40	-44	cell = 640 to 647
-44	-28	8	-23	6	-15	-25	-21	cell = 648 to 655
-39	-31	-47	-25	-26	-17	-16	10	cell = 656 to 663
15	25	19	37	-27	-14	-19	-55	cell = 664 to 671
-51	15	-13	-1	-9	19	-10	-27	cell = 672 to 679
27	-33	-20	-30	-1	-25	-15	-50	cell = 680 to 687
-11	9	3	-56	0	-4	-47	-9	cell = 688 to 695
-9	-28	7	9	-24	-34	-37	-16	cell = 696 to 703
-33	-24	-2	-51	-55	-56	-43	-33	cell = 704 to 711
-1	-10	-16	-29	-32	-6	13	32	cell = 712 to 719
11	-6	-41	7	23	-39	-8	-13	cell = 720 to 727
-38	-27	-57	20	-25	-13	-54	-20	cell = 728 to 735
-35	-12	-4	-30	-28	-27	-58	-34	cell = 736 to 743
21	19	13	-28	18	-17	-44	6	cell = 744 to 751
-15	-8	6	-38	2	7	0	-3	cell = 752 to 759
1	1	3	-47	5	-11	-7	17	cell = 760 to 767
-34	-28	-64	-41	9	-25	-52	-2	cell = 768 to 775
-32	-40	-12	-6	0	18	-13	-9	cell = 776 to 783
-10	-46	27	-3	-6	-3	-17	-7	cell = 784 to 791
-25	-21	-59	-10	-16	3	14	-6	cell = 792 to 799
9	11	-45	-22	-51	7	-12	-18	cell = 800 to 807
-7	-16	2	-26	6	1	-18	18	cell = 808 to 815
0	-14	-7	-39	5	-20	-12	-26	cell = 816 to 823
13	-19	-26	-57	-23	-41	-41	-27	cell = 824 to 831
-15	-24	-17	-27	-42	-43	-36	-31	cell = 832 to 839
-43	-6	-14	-1	15	-25	5	11	cell = 840 to 847
-11	6	-31	-49	-22	-18	-15	25	cell = 848 to 855
1	1	-29	4	-8	-12	14	-18	cell = 856 to 863
16	-14	-2	16	-24	-24	-2	-26	cell = 864 to 871
-11	-15	13	-9	30	-15	2	-18	cell = 872 to 879
-7	-22	-20	-31	-27	-47	-45	-35	cell = 880 to 887
-13	5	-7	-19	8	-9	3	19	cell = 888 to 895
32	-76	-18	-17	21	-28	0	-20	cell = 896 to 903
-29	-19	-3	-12	1	-41	-7	-48	cell = 904 to 911
-3	-16	-18	26	-31	-6	-4	-19	cell = 912 to 919
5	-27	6	-15	-32	-18	-28	-6	cell = 920 to 927
-33	-17	-45	0	24	-5	-15	11	cell = 928 to 935
-19	-55	-11	-48	10	6	-47	2	cell = 936 to 943
0	-30	-9	-23	6	-2	-12	-32	cell = 944 to 951
0	-11	-38	4	16	-21	-48	7	cell = 952 to 959
-21	-28	-27	-3	-11	28	5	-21	cell = 960 to 967
-26	-15	-27	-17	-10	-59	-39	11	cell = 968 to 975
23	-55	14	-24	17	12	-20	2	cell = 976 to 983
2	-7	-57	-54	-21	4	15	-3	cell = 984 to 991
-14	-2	-33	-18	24	-9	-13	-34	cell = 992 to 999
-4	-25	-18	-3	-7	-45	-43	-36	cell = 1000 to 1007
5	-39	-63	-5	-25	-35	-36	-15	cell = 1008 to 1015
33	-7	-8	-32	-11	32	-50	-23	cell = 1016 to 1023
Calibration values from cell 0 to 1024 for channel 6:

26	-28	94	-36	28	-39	17	21	cell = 0 to 7
71	-36	21	-19	40	-22	36	-32	cell = 8 to 15
33	1	27	-28	54	-11	50	40	cell = 16 to 23
24	-10	74	-39	53	1	54	3	cell = 24 to 31
56	-1	27	12	41	-26	17	4	cell = 32 to 39
35	-21	18	-3	10	17	26	34	cell = 40 to 47
33	-7	39	18	69	-40	11	-43	cell = 48 to 55
65	19	87	-12	40	-17	44	-7	cell = 56 to 63
27	-50	35	23	39	4	82	-14	cell = 64 to 71
91	-11	20	-29	43	20	54	-10	cell = 72 to 79
56	20	27	-24	34	-10	48	8	cell = 80 to 87
80	-20	53	4	49	-12	14	-18	cell = 88 to 95
25	18	44	-12	49	-24	63	-31	cell = 96 to 103
60	-8	55	-3	26	-25	48	2	cell = 104 to 111
58	-22	14	-24	56	25	26	-38	cell = 112 to 119
7	-20	56	-17	72	-6	45	-26	cell = 120 to 127
27	17	57	6	40	9	25	-5	cell = 128 to 135
91	-30	24	0	33	11	87	17	cell = 136 to 143
60	5	57	-20	36	9	44	-6	cell = 144 to 151
9	4	37	-7	-15	-23	59	-24	cell = 152 to 159
42	-23	78	-8	90	-15	60	42	cell = 160 to 167
59	-68	58	41	34	-22	58	17	cell = 168 to 175
71	-9	43	-16	27	-52	46	-41	cell = 176 to 183
88	-47	53	-31	44	-22	10	-4	cell = 184 to 191
28	-12	37	-34	21	3	54	-42	cell = 192 to 199
43	-19	51	-12	45	6	67	-23	cell = 200 to 207
15	18	72	-17	56	10	36	-61	cell = 208 to 215
49	35	56	-81	60	-44	50	6	cell = 216 to 223
20	-18	50	-19	53	-2	37	-30	cell = 224 to 231
55	-31	52	-32	104	19	57	-22	cell = 232 to 239
46	-2	59	6	55	-30	54	-35	cell = 240 to 247
49	26	46	-28	-13	18	41	-7	cell = 248 to 255
16	11	66	-32	47	2	9	-46	cell = 256 to 263
33	20	20	0	33	-30	57	-14	cell = 264 to 271
62	-26	78	-37	4	-6	7	-9	cell = 272 to 279
24	-14	47	-25	20	9	32	11	cell = 280 to 287
34	-28	65	20	56	-22	47	6	cell = 288 to 295
39	0	73	-17	43	-48	49	-44	cell = 296 to 303
53	19	51	-39	29	-40	49	18	cell = 304 to 311
71	-2	11	-31	53	-25	67	-15	cell = 312 to 319
68	12	21	-33	63	-9	39	-30	cell = 320 to 327
40	-2	39	-11	19	20	34	-27	cell = 328 to 335
72	-28	49	8	41	17	35	-10	cell = 336 to 343
29	23	47	17	14	-22	46	-63	cell = 344 to 351
27	-42	33	27	27	14	79	-1	cell = 352 to 359
69	-11	54	31	63	-20	63	-43	cell = 360 to 367
26	-2	-2	-18	27	-20	50	-66	cell = 368 to 375
49	-40	43	19	43	1	38	5	cell = 376 to 383
63	10	60	-21	34	1	46	-19	cell = 384 to 391
35	14	46	3	44	26	36	15	cell = 392 to 399
33	-16	27	9	64	-3	48	6	cell = 400 to 407
58	-28	66	-9	73	20	42	-6	cell = 408 to 415
54	1	50	-31	55	-38	83	-15	cell = 416 to 423
79	4	51	1	20	-18	53	-34	cell = 424 to 431
67	-17	19	-27	52	-7	57	2	cell = 432 to 439
65	-28	3	-2	36	1	46	-49	cell = 440 to 447
24	5	36	-18	58	14	81	2	cell = 448 to 455
42	-7	27	24	20	-5	41	-10	cell = 456 to 463
65	-17	71	-20	28	-18	11	-4	cell = 464 to 471
19	-33	14	-18	36	-32	61	-7	cell = 472 to 479
39	-31	20	-4	21	-11	62	-18	cell = 480 to 487
79	5	23	32	41	-7	63	20	cell = 488 to 495
42	16	-66	-43	-22	-102	-60	-102	cell = 496 to 503
87	-25	17	-11	10	27	44	0	cell = 504 to 511
-17	-58	19	-33	4	-33	-51	-38	cell = 512 to 519
-31	-52	-32	1	-10	-5	-5	-5	cell = 520 to 527
-11	-50	-11	-49	-46	-23	41	-49	cell = 528 to 535
4	7	11	14	-23	-13	8	6	cell = 536 to 543
10	-21	-43	-15	27	-67	-20	-22	cell = 544 to 551
7	-47	-12	9	-28	-29	-39	2	cell = 552 to 559
-10	-33	-18	-25	-18	-18	-15	-49	cell = 560 to 567
11	-13	-3	-37	-42	7	-3	-31	cell = 568 to 575
-42	-21	-3	-45	7	2	21	46	cell = 576 to 583
-22	-15	-26	36	11	-35	-2	-26	cell = 584 to 591
-4	-12	-14	1	-37	-16	-29	6	cell = 592 to 599
-36	17	-27	29	-31	-13	-32	26	cell = 600 to 607
9	-45	-8	2	-40	5	-26	1	cell = 608 to 615
-19	-5	-27	-6	4	-11	-28	-27	cell = 616 to 623
0	-14	-15	-24	-2	16	-43	-37	cell = 624 to 631
-5	-19	-36	8	-16	-28	-35	-38	cell = 632 to 639
-53	-24	-35	-19	-3	0	-20	12	cell = 640 to 647
4	-29	-1	-14	-3	21	-16	-37	cell = 648 to 655
45	-21	34	-21	-27	-29	-45	0	cell = 656 to 663
28	-51	-20	-12	-19	-25	4	-35	cell = 664 to 671
-20	19	0	-22	-3	-17	-19	-4	cell = 672 to 679
44	-28	-2	-12	-3	-22	-22	2	cell = 680 to 687
-20	-28	-17	-5	-31	-30	-17	9	cell = 688 to 695
-8	-34	3	7	-10	-22	-5	-1	cell = 696 to 703
-11	18	-8	-16	8	-7	-52	-47	cell = 704 to 711
-9	-4	-36	-23	0	-45	65	-9	cell = 712 to 719
-47	-23	-27	-14	-20	-4	-24	11	cell = 720 to 727
-35	-40	-19	-8	-55	23	21	25	cell = 728 to 735
-35	-19	-26	-45	-21	-2	-46	-43	cell = 736 to 743
-16	-38	-7	9	-8	-7	5	-14	cell = 744 to 751
-30	-9	4	18	4	-19	-12	23	cell = 752 to 759
-8	6	-42	7	-13	-45	-10	-28	cell = 760 to 767
-53	-15	-1	17	11	-46	-23	-29	cell = 768 to 775
-38	-12	-43	-6	-47	-32	-58	2	cell = 776 to 783
-3	-20	-52	-18	-4	8	-49	-35	cell = 784 to 791
1	-3	-14	-23	-27	-34	4	32	cell = 792 to 799
-3	-7	-52	-4	8	21	-40	28	cell = 800 to 807
-17	-31	-36	0	1	-43	-68	-33	cell = 808 to 815
-6	-4	-8	-41	-44	8	-44	-55	cell = 816 to 823
-24	-33	-15	-3	-57	-3	-2	-34	cell = 824 to 831
27	3	-4	-26	-57	-59	-33	1	cell = 832 to 839
1	-36	-35	-44	14	-32	-9	-23	cell = 840 to 847
-12	-15	-48	-11	-26	-23	27	1	cell = 848 to 855
26	5	3	-6	-20	-41	23	15	cell = 856 to 863
-44	-35	-53	-16	6	-37	-35	-19	cell = 864 to 871
-14	-46	4	-1	-22	35	-49	-37	cell = 872 to 879
-23	27	-53	1	-49	-16	-6	-10	cell = 880 to 887
-19	-37	-42	11	-23	-39	-10	22	cell = 888 to 895
-54	-8	-48	-27	-17	-71	9	-4	cell = 896 to 903
-28	-31	8	-42	1	-24	-17	-1	cell = 904 to 911
11	9	-9	-30	-23	-60	-16	-23	cell = 912 to 919
-34	-7	-37	-38	-21	-25	-2	-15	cell = 920 to 927
-39	-45	18	-34	-34	-53	-2	-30	cell = 928 to 935
-39	-2	-23	-22	-13	-2	-44	12	cell = 936 to 943
-16	5	-36	-17	5	-34	-3	32	cell = 944 to 951
-12	-57	-38	-29	-22	-37	-20	-63	cell = 952 to 959
-25	-29	-24	-15	-40	36	-40	10	cell = 960 to 967
-7	-8	-20	-24	-22	-49	2	-9	cell = 968 to 975
-9	-14	-41	-26	-2	-40	-5	-13	cell = 976 to 983
-14	-52	10	-4	-17	-22	-16	-36	cell = 984 to 991
2	-32	16	-13	-38	-2	-12	-8	cell = 992 to 999
-7	-53	-9	-5	-11	11	10	-40	cell = 1000 to 1007
-27	-4	-49	-24	-46	-78	-43	-26	cell = 1008 to 1015
55	-6	-39	-16	-45	-24	-10	2	cell = 1016 to 1023
Calibration values from cell 0 to 1024 for channel 7:

51	-29	50	-16	13	-30	52	9	cell = 0 to 7
0	-10	76	16	66	-35	37	-45	cell = 8 to 15
51	-16	36	-34	45	-18	29	-17	cell = 16 to 23
15	-74	25	-16	49	-15	56	-17	cell = 24 to 31
31	-37	43	-15	56	26	91	23	cell = 32 to 39
84	21	33	36	48	-5	35	-24	cell = 40 to 47
67	-22	17	-3	-12	58	26	43	cell = 48 to 55
3	11	34	5	67	1	41	-12	cell = 56 to 63
12	19	35	-13	34	-32	31	-30	cell = 64 to 71
23	-4	45	2	46	3	79	-12	cell = 72 to 79
32	-10	90	7	47	0	12	3	cell = 80 to 87
72	-10	48	-9	67	9	41	23	cell = 88 to 95
44	-18	66	-7	79	-32	50	26	cell = 96 to 103
33	13	57	7	15	15	42	-16	cell = 104 to 111
42	-41	61	-11	40	18	55	27	cell = 112 to 119
49	7	55	-3	40	-11	39	12	cell = 120 to 127
27	6	56	-13	62	-22	38	-57	cell = 128 to 135
40	2	66	1	52	-45	39	-52	cell = 136 to 143
41	29	45	16	46	36	9	-8	cell = 144 to 151
50	16	25	0	62	41	33	-21	cell = 152 to 159
34	-14	54	-33	51	1	28	-17	cell = 160 to 167
26	-10	50	-28	28	6	70	-10	cell = 168 to 175
34	9	44	32	59	-23	48	-2	cell = 176 to 183
80	21	66	-53	31	21	92	-10	cell = 184 to 191
76	0	66	-32	22	-26	33	-12	cell = 192 to 199
44	-64	68	-11	16	-23	40	-25	cell = 200 to 207
43	42	44	35	32	-16	44	16	cell = 208 to 215
56	0	63	-2	79	-11	60	-28	cell = 216 to 223
39	-54	45	-46	62	-13	43	-7	cell = 224 to 231
10	42	74	-48	36	-20	42	-19	cell = 232 to 239
6	-26	30	-33	28	-5	30	-7	cell = 240 to 247
13	-26	-11	-51	70	-6	56	-25	cell = 248 to 255
51	9	64	-4	33	-51	28	12	cell = 256 to 263
39	-2	33	-12	31	-17	62	-26	cell = 264 to 271
28	-18	26	-15	28	-32	57	27	cell = 272 to 279
40	-7	56	-43	-3	-36	37	-20	cell = 280 to 287
26	5	76	-8	4	8	65	17	cell = 288 to 295
29	-31	43	-5	24	-7	67	-15	cell = 296 to 303
9	-1	13	7	68	-33	14	-4	cell = 304 to 311
30	-45	6	-15	34	-39	53	-38	cell = 312 to 319
13	-6	77	-47	63	-40	51	-18	cell = 320 to 327
75	-28	52	9	45	-35	13	-24	cell = 328 to 335
69	21	58	12	34	34	41	21	cell = 336 to 343
37	-7	50	-12	21	-6	63	-35	cell = 344 to 351
29	-36	43	25	38	-56	42	3	cell = 352 to 359
44	-34	32	4	42	-5	30	-38	cell = 360 to 367
58	33	48	66	42	16	49	-14	cell = 368 to 375
42	-8	39	-8	44	16	51	-5	cell = 376 to 383
-5	-79	42	-49	74	-37	11	-3	cell = 384 to 391
12	-32	23	7	29	-30	38	18	cell = 392 to 399
37	10	36	-7	37	1	18	9	cell = 400 to 407
45	-13	57	2	34	-27	39	-29	cell = 408 to 415
42	-46	77	32	46	-33	36	0	cell = 416 to 423
51	12	48	4	61	-17	56	23	cell = 424 to 431
47	-19	30	-47	48	13	28	-43	cell = 432 to 439
48	24	72	-24	53	-39	27	25	cell = 440 to 447
34	-2	30	-23	17	-9	3	7	cell = 448 to 455
48	19	44	3	8	10	47	13	cell = 456 to 463
28	-1	53	26	23	4	52	-14	cell = 464 to 471
57	-40	102	-1	69	3	29	-16	cell = 472 to 479
28	-9	54	-13	59	-34	36	-24	cell = 480 to 487
16	15	68	7	-4	12	25	-33	cell = 488 to 495
67	-24	-33	-79	-53	-60	-25	-80	cell = 496 to 503
61	3	62	-11	13	-20	40	-5	cell = 504 to 511
3	-22	-15	-20	-51	-23	-18	-41	cell = 512 to 519
-24	33	-51	-8	-29	26	12	3	cell = 520 to 527
-5	-2	-48	-14	-39	-24	8	-44	cell = 528 to 535
12	-1	-22	7	3	-37	-53	-14	cell = 536 to 543
4	-29	-46	-32	-33	-25	-10	-53	cell = 544 to 551
-3	-47	-12	10	-37	-38	-29	-6	cell = 552 to 559
-17	-11	-31	-63	-16	1	-9	18	cell = 560 to 567
-34	-20	-16	-51	-25	27	-9	-6	cell = 568 to 575
-25	-18	-37	-12	-46	-7	-29	-60	cell = 576 to 583
-68	-30	-22	-32	-6	-10	-35	-29	cell = 584 to 591
-13	-35	2	19	-9	-32	11	-49	cell = 592 to 599
3	5	-23	-19	-28	-20	-32	-30	cell = 600 to 607
-21	-33	-27	-1	14	-72	-16	27	cell = 608 to 615
-23	-8	-12	12	-40	-73	-31	-34	cell = 616 to 623
5	-14	-34	-15	-13	-13	21	-46	cell = 624 to 631
-25	-40	21	18	5	-39	-39	-19	cell = 632 to 639
-32	3	-17	-13	-30	-46	-19	-48	cell = 640 to 647
-5	-26	0	42	-45	-15	-26	-5	cell = 648 to 655
-37	-27	-11	-18	10	3	-9	-28	cell = 656 to 663
-20	-10	-15	-22	-11	-16	-21	-4	cell = 664 to 671
-25	-34	22	-49	33	-60	-29	-15	cell = 672 to 679
-25	-6	14	-56	9	-15	-6	-14	cell = 680 to 687
17	-21	-25	2	-10	-42	-12	9	cell = 688 to 695
-43	2	1	-21	6	-47	2	-21	cell = 696 to 703
-7	-31	-24	0	-43	21	-35	21	cell = 704 to 711
11	-7	1	-48	-12	-62	-47	0	cell = 712 to 719
-20	10	-9	-38	-1	-16	26	-4	cell = 720 to 727
16	-32	-7	3	1	-43	-27	11	cell = 728 to 735
16	-16	-17	-14	-15	-11	-15	-28	cell = 736 to 743
-23	-30	-51	1	-10	-6	-13	1	cell = 744 to 751
-14	-24	-29	-34	-24	12	-21	-42	cell = 752 to 759
-41	-31	-17	-5	-8	2	-2	-24	cell = 760 to 767
45	-27	-17	15	-36	0	-22	0	cell = 768 to 775
6	-16	-18	-8	-13	-25	-26	7	cell = 776 to 783
-16	-33	-27	9	6	-49	24	21	cell = 784 to 791
-55	-45	37	2	-10	-19	-8	-56	cell = 792 to 799
21	-25	0	5	-13	21	11	4	cell = 800 to 807
10	-5	-24	-6	-11	-16	-17	-21	cell = 808 to 815
0	-9	-36	-34	-26	-9	-19	-27	cell = 816 to 823
-27	34	-39	-18	-59	-45	-35	-22	cell = 824 to 831
-34	-14	-46	-43	-42	10	20	-4	cell = 832 to 839
-28	-49	-7	-38	-25	-35	-53	-41	cell = 840 to 847
-19	-15	15	-36	-58	-18	-24	5	cell = 848 to 855
-13	-46	-19	4	-6	-21	9	-23	cell = 856 to 863
-13	-50	-16	4	-5	-7	-27	18	cell = 864 to 871
9	1	0	-49	-21	-14	-14	-39	cell = 872 to 879
26	-27	31	-38	-11	-24	3	-6	cell = 880 to 887
-14	4	-9	-14	-8	-20	-18	-45	cell = 888 to 895
31	-60	-14	-49	-19	-16	-29	-9	cell = 896 to 903
-24	-63	6	-16	-22	-22	4	-5	cell = 904 to 911
-6	35	-14	-42	18	-18	-32	-23	cell = 912 to 919
-23	-60	41	-25	7	-38	24	-37	cell = 920 to 927
-3	-19	-19	-16	-34	26	-20	-52	cell = 928 to 935
21	-26	-40	24	-13	-40	-6	-21	cell = 936 to 943
2	-39	-12	-7	5	-34	-40	-28	cell = 944 to 951
-16	22	13	-4	-27	-9	-2	-23	cell = 952 to 959
-25	-7	-6	15	-10	-55	-8	-38	cell = 960 to 967
-24	-11	0	-47	-10	-26	10	8	cell = 968 to 975
-30	5	-17	-63	-18	-53	-34	10	cell = 976 to 983
9	2	-10	-49	5	-6	-19	-42	cell = 984 to 991
38	-14	10	-32	-25	-10	-17	35	cell = 992 to 999
18	-46	-21	6	-10	-38	41	10	cell = 1000 to 1007
-22	-39	-1	-34	-17	-44	-33	-48	cell = 1008 to 1015
-20	-61	6	-23	-7	-78	-54	-5	cell = 1016 to 1023
Calibration values from cell 0 to 1024 for channel 8:

20	23	81	0	53	-21	38	28	cell = 0 to 7
12	28	52	-41	39	17	53	31	cell = 8 to 15
63	-7	22	-18	50	-36	62	19	cell = 16 to 23
32	2	58	-27	9	1	57	1	cell = 24 to 31
47	-14	44	-5	14	15	113	-15	cell = 32 to 39
-11	10	15	24	37	-9	11	-13	cell = 40 to 47
7	-16	26	-6	21	24	37	-34	cell = 48 to 55
54	-18	48	12	65	16	27	-34	cell = 56 to 63
63	19	68	-7	7	-8	46	-30	cell = 64 to 71
26	-8	41	-3	-2	76	25	13	cell = 72 to 79
23	11	64	20	61	-9	32	23	cell = 80 to 87
52	-8	35	-34	45	-20	80	-11	cell = 88 to 95
10	30	-12	8	56	23	50	-3	cell = 96 to 103
79	34	25	-1	52	-36	83	-28	cell = 104 to 111
19	-30	67	4	63	-3	60	-2	cell = 112 to 119
37	19	50	-18	79	7	60	4	cell = 120 to 127
72	3	52	-10	23	-12	20	-59	cell = 128 to 135
23	-45	32	-20	51	-38	36	-14	cell = 136 to 143
50	-11	44	-12	11	-7	58	-5	cell = 144 to 151
33	-32	58	28	61	-9	88	-31	cell = 152 to 159
67	-15	62	-18	36	-20	48	41	cell = 160 to 167
47	10	80	-6	41	-4	67	32	cell = 168 to 175
35	12	45	-30	46	-14	41	-15	cell = 176 to 183
34	30	32	3	33	-24	39	-27	cell = 184 to 191
46	31	28	-42	49	27	21	-52	cell = 192 to 199
39	42	35	14	34	-18	61	-35	cell = 200 to 207
43	15	64	-4	19	-9	67	-13	cell = 208 to 215
33	-5	48	-14	34	20	36	-1	cell = 216 to 223
26	0	43	-40	23	54	40	-24	cell = 224 to 231
48	33	32	36	26	-3	39	-16	cell = 232 to 239
19	7	42	-3	48	17	54	3	cell = 240 to 247
27	7	36	-25	31	-50	53	-51	cell = 248 to 255
39	24	36	9	45	-25	58	-31	cell = 256 to 263
-23	-17	24	20	58	27	33	-10	cell = 264 to 271
41	-4	47	22	59	16	60	5	cell = 272 to 279
76	0	72	1	34	-40	48	3	cell = 280 to 287
21	-18	8	37	53	-14	33	0	cell = 288 to 295
29	28	55	-17	7	11	32	15	cell = 296 to 303
34	3	61	-45	-5	-13	51	-30	cell = 304 to 311
50	26	62	-9	36	-4	79	-19	cell = 312 to 319
39	22	43	-35	46	-2	0	-44	cell = 320 to 327
54	29	20	-11	87	19	45	-9	cell = 328 to 335
69	23	36	1	12	24	33	48	cell = 336 to 343
81	20	13	9	21	-20	29	1	cell = 344 to 351
-3	17	57	-16	32	10	39	-13	cell = 352 to 359
29	-24	50	-7	27	-21	47	-8	cell = 360 to 367
50	14	16	27	5	37	47	-6	cell = 368 to 375
48	6	71	7	60	16	-2	0	cell = 376 to 383
23	-13	33	12	-13	-37	52	-38	cell = 384 to 391
30	22	23	33	52	-10	55	-15	cell = 392 to 399
58	5	44	44	22	12	47	38	cell = 400 to 407
25	-23	39	-31	29	0	20	-3	cell = 408 to 415
24	2	-6	-4	21	-8	29	-27	cell = 416 to 423
14	31	53	-34	24	81	51	26	cell = 424 to 431
-19	-19	40	24	33	-2	32	-11	cell = 432 to 439
78	-5	47	-13	18	-2	0	-10	cell = 440 to 447
40	-20	59	-6	45	-10	65	12	cell = 448 to 455
49	18	28	-39	-6	2	12	0	cell = 456 to 463
-6	36	46	10	57	11	91	-15	cell = 464 to 471
-12	-47	80	15	27	-24	42	-20	cell = 472 to 479
58	4	63	-19	31	-6	19	13	cell = 480 to 487
68	-2	13	-13	34	1	61	-24	cell = 488 to 495
35	-18	-40	-102	-44	-37	18	-103	cell = 496 to 503
50	-5	27	5	30	-4	45	-17	cell = 504 to 511
13	-17	-1	-38	-12	-22	-25	-3	cell = 512 to 519
-46	-28	-12	-33	-5	-22	-32	10	cell = 520 to 527
3	-32	-19	-12	-48	-41	-15	1	cell = 528 to 535
-17	-30	-18	-49	-25	-4	-19	-19	cell = 536 to 543
-44	-29	-50	-26	-12	-44	-21	-34	cell = 544 to 551
-21	42	-42	15	-13	5	-28	-55	cell = 552 to 559
-27	-27	-4	-19	1	-30	-26	6	cell = 560 to 567
-6	-42	-25	-25	23	-11	2	-17	cell = 568 to 575
-60	-14	2	-16	-27	-12	-39	-56	cell = 576 to 583
0	-43	-55	-2	-41	-24	-68	17	cell = 584 to 591
-7	-54	-25	2	-38	-20	-8	19	cell = 592 to 599
-9	-27	-31	-44	-55	-17	-49	-28	cell = 600 to 607
5	-18	-26	17	-47	21	-27	12	cell = 608 to 615
-42	-57	-57	-60	-23	-45	7	-38	cell = 616 to 623
6	1	1	-18	8	-29	-40	21	cell = 624 to 631
-18	-26	-55	-4	3	-29	-50	-13	cell = 632 to 639
-10	-30	13	-10	-41	11	11	-23	cell = 640 to 647
-23	15	-14	4	-9	-11	-42	10	cell = 648 to 655
-21	-28	-21	-4	14	7	-47	-9	cell = 656 to 663
22	-33	-70	8	-8	-33	-3	-33	cell = 664 to 671
-36	-40	-16	-35	-3	-47	-36	-24	cell = 672 to 679
-13	-29	-16	-30	-13	-15	-21	-63	cell = 680 to 687
-17	-32	-40	-45	-44	-1	-17	-10	cell = 688 to 695
-14	-50	-48	-14	-48	-30	-44	-11	cell = 696 to 703
11	-7	-7	-21	-52	-34	-57	-43	cell = 704 to 711
10	7	-27	-29	-45	-22	0	-16	cell = 712 to 719
-60	-16	-29	21	7	-25	-12	-47	cell = 720 to 727
-36	9	-48	-28	-46	-7	-30	17	cell = 728 to 735
-60	-47	-19	16	7	15	8	-17	cell = 736 to 743
-3	-13	-55	-22	44	-43	0	-5	cell = 744 to 751
-7	-2	-11	-55	-39	-73	-23	-40	cell = 752 to 759
-3	-2	7	-22	7	-18	-4	-34	cell = 760 to 767
14	-13	-15	-5	-10	-9	5	-8	cell = 768 to 775
-28	-15	11	24	-50	-9	17	-49	cell = 776 to 783
-16	-26	-48	26	-17	-27	-9	-65	cell = 784 to 791
4	0	-27	14	-57	-15	-26	0	cell = 792 to 799
-36	-37	11	-33	-35	-41	-38	-49	cell = 800 to 807
-42	-2	-52	20	-33	7	-10	-9	cell = 808 to 815
-34	-20	-24	19	-11	-25	12	-7	cell = 816 to 823
-15	6	21	-11	11	-41	1	14	cell = 824 to 831
-14	-32	-41	2	8	9	-51	27	cell = 832 to 839
-8	-40	24	-7	-19	-21	-21	-5	cell = 840 to 847
-7	-21	-31	-41	-20	-22	-45	-61	cell = 848 to 855
-14	-10	-7	29	-10	-9	-12	-9	cell = 856 to 863
37	-28	-7	-8	-26	-2	-10	-26	cell = 864 to 871
-10	-22	6	-6	24	-54	-10	0	cell = 872 to 879
18	-51	-37	-13	13	5	15	18	cell = 880 to 887
-5	-47	-5	-34	38	-30	-46	17	cell = 888 to 895
-54	-26	-14	-9	-20	-10	-40	-65	cell = 896 to 903
-54	-22	-24	2	-15	-25	14	-22	cell = 904 to 911
5	-44	-25	0	-12	-68	9	-24	cell = 912 to 919
-10	-38	-48	16	6	-9	18	16	cell = 920 to 927
-20	19	-47	-37	10	-8	-54	-31	cell = 928 to 935
11	-39	-52	21	-43	-49	-31	-23	cell = 936 to 943
-19	-17	-46	-52	30	-28	-3	35	cell = 944 to 951
11	-40	-3	-17	-20	-34	-39	-14	cell = 952 to 959
-2	-27	-29	-6	-40	11	-19	-14	cell = 960 to 967
-4	-49	-8	0	-55	-22	-13	6	cell = 968 to 975
-53	13	-24	7	-37	10	-25	-5	cell = 976 to 983
-34	-17	-25	25	-1	-13	-45	-20	cell = 984 to 991
-6	-32	-62	39	-17	-29	-31	24	cell = 992 to 999
-15	-18	-22	-21	-35	-57	-49	-18	cell = 1000 to 1007
32	-32	-23	28	3	-59	-18	-38	cell = 1008 to 1015
-8	-24	-29	9	-45	-25	-21	-21	cell = 1016 to 1023
